hgnc_symbol,gene_biotype,ensembl_gene_id,GO_category,kegg,Cluster,Core,DEG
CYP51A1,protein_coding,ENSG00000001630,No enriched GO,No_kegg,control_cluster1,non core,non DEG
MAD1L1,protein_coding,ENSG00000002822,No enriched GO,No_kegg,control_cluster1,non core,non DEG
HCCS,protein_coding,ENSG00000004961,No enriched GO,No_kegg,control_cluster1,non core,non DEG
ACSM3,protein_coding,ENSG00000005187,Mitochondrial energy production,No_kegg,control_cluster1,non core,non DEG
CIAPIN1,protein_coding,ENSG00000005194,Mitochondrial energy production,No_kegg,control_cluster1,non core,non DEG
CREBBP,protein_coding,ENSG00000005339,No enriched GO,No_kegg,control_cluster1,non core,non DEG
TAC1,protein_coding,ENSG00000006128,No enriched GO,No_kegg,control_cluster1,non core,Down-regulated
FARP2,protein_coding,ENSG00000006607,No enriched GO,No_kegg,control_cluster1,non core,non DEG
PAFAH1B1,protein_coding,ENSG00000007168,No enriched GO,No_kegg,control_cluster1,non core,non DEG
VTA1,protein_coding,ENSG00000009844,No enriched GO,No_kegg,control_cluster1,core,non DEG
RNF216,protein_coding,ENSG00000011275,No enriched GO,No_kegg,control_cluster1,non core,non DEG
ZBTB32,protein_coding,ENSG00000011590,No enriched GO,No_kegg,control_cluster1,non core,non DEG
BRCA1,protein_coding,ENSG00000012048,No enriched GO,No_kegg,control_cluster1,non core,non DEG
RWDD2A,protein_coding,ENSG00000013392,No enriched GO,No_kegg,control_cluster1,non core,non DEG
ZC3H3,protein_coding,ENSG00000014164,No enriched GO,No_kegg,control_cluster1,non core,non DEG
MDH1,protein_coding,ENSG00000014641,Mitochondrial energy production,No_kegg,control_cluster1,non core,non DEG
SLC30A9,protein_coding,ENSG00000014824,No enriched GO,No_kegg,control_cluster1,core,non DEG
WAS,protein_coding,ENSG00000015285,No enriched GO,No_kegg,control_cluster1,non core,non DEG
MATR3,protein_coding,ENSG00000015479,No enriched GO,No_kegg,control_cluster1,non core,non DEG
GLT8D1,protein_coding,ENSG00000016864,No enriched GO,No_kegg,control_cluster1,non core,non DEG
RUFY3,protein_coding,ENSG00000018189,No enriched GO,No_kegg,control_cluster1,non core,non DEG
STEEP1,protein_coding,ENSG00000018610,No enriched GO,No_kegg,control_cluster1,non core,non DEG
GABRA1,protein_coding,ENSG00000022355,No enriched GO,No_kegg,control_cluster1,non core,non DEG
NDUFS1,protein_coding,ENSG00000023228,"Apoptosis,Mitochondrial energy production",kegg,control_cluster1,non core,non DEG
AKAP11,protein_coding,ENSG00000023516,No enriched GO,No_kegg,control_cluster1,non core,non DEG
GLRX2,protein_coding,ENSG00000023572,Mitochondrial energy production,No_kegg,control_cluster1,non core,non DEG
STRAP,protein_coding,ENSG00000023734,No enriched GO,No_kegg,control_cluster1,non core,non DEG
CCDC28A,protein_coding,ENSG00000024862,No enriched GO,No_kegg,control_cluster1,non core,non DEG
POU2F2,protein_coding,ENSG00000028277,No enriched GO,No_kegg,control_cluster1,non core,non DEG
BCLAF1,protein_coding,ENSG00000029363,No enriched GO,No_kegg,control_cluster1,non core,non DEG
SLC39A9,protein_coding,ENSG00000029364,No enriched GO,kegg,control_cluster1,non core,non DEG
MAT2B,protein_coding,ENSG00000038274,No enriched GO,No_kegg,control_cluster1,non core,non DEG
PSMA4,protein_coding,ENSG00000041357,No enriched GO,kegg,control_cluster1,non core,non DEG
RIPOR3,protein_coding,ENSG00000042062,No enriched GO,No_kegg,control_cluster1,non core,non DEG
ATP6V1H,protein_coding,ENSG00000047249,"intracellular trafficking,Synapse signaling",No_kegg,control_cluster1,non core,non DEG
POLR2B,protein_coding,ENSG00000047315,No enriched GO,No_kegg,control_cluster1,non core,non DEG
KATNIP,protein_coding,ENSG00000047578,No enriched GO,No_kegg,control_cluster1,non core,non DEG
XK,protein_coding,ENSG00000047597,No enriched GO,No_kegg,control_cluster1,non core,non DEG
WWC3,protein_coding,ENSG00000047644,No enriched GO,No_kegg,control_cluster1,non core,non DEG
RRM2B,protein_coding,ENSG00000048392,Mitochondrial energy production,No_kegg,control_cluster1,non core,non DEG
LMO3,protein_coding,ENSG00000048540,No enriched GO,No_kegg,control_cluster1,non core,non DEG
MRPS10,protein_coding,ENSG00000048544,No enriched GO,No_kegg,control_cluster1,non core,non DEG
JKAMP,protein_coding,ENSG00000050130,No enriched GO,No_kegg,control_cluster1,non core,non DEG
DKK3,protein_coding,ENSG00000050165,No enriched GO,No_kegg,control_cluster1,non core,non DEG
MAPK9,protein_coding,ENSG00000050748,No enriched GO,kegg,control_cluster1,non core,non DEG
MSMO1,protein_coding,ENSG00000052802,No enriched GO,No_kegg,control_cluster1,non core,non DEG
AP5M1,protein_coding,ENSG00000053770,No enriched GO,No_kegg,control_cluster1,non core,non DEG
TBC1D22A,protein_coding,ENSG00000054611,No enriched GO,No_kegg,control_cluster1,non core,non DEG
HPF1,protein_coding,ENSG00000056050,No enriched GO,No_kegg,control_cluster1,non core,non DEG
PHF21B,protein_coding,ENSG00000056487,No enriched GO,No_kegg,control_cluster1,non core,non DEG
RC3H2,protein_coding,ENSG00000056586,No enriched GO,No_kegg,control_cluster1,non core,non DEG
TRAF3IP2,protein_coding,ENSG00000056972,No enriched GO,No_kegg,control_cluster1,non core,non DEG
PITHD1,protein_coding,ENSG00000057757,No enriched GO,No_kegg,control_cluster1,non core,non DEG
MRPS35,protein_coding,ENSG00000061794,No enriched GO,No_kegg,control_cluster1,non core,non DEG
GUCY1B1,protein_coding,ENSG00000061918,Mitochondrial energy production,No_kegg,control_cluster1,non core,non DEG
SFSWAP,protein_coding,ENSG00000061936,No enriched GO,No_kegg,control_cluster1,non core,non DEG
BICRA,protein_coding,ENSG00000063169,No enriched GO,No_kegg,control_cluster1,non core,non DEG
EYA2,protein_coding,ENSG00000064655,Apoptosis,No_kegg,control_cluster1,non core,non DEG
DDX20,protein_coding,ENSG00000064703,No enriched GO,No_kegg,control_cluster1,non core,non DEG
BTBD1,protein_coding,ENSG00000064726,No enriched GO,No_kegg,control_cluster1,non core,non DEG
IPO5,protein_coding,ENSG00000065150,No enriched GO,No_kegg,control_cluster1,non core,non DEG
OAT,protein_coding,ENSG00000065154,No enriched GO,No_kegg,control_cluster1,non core,non DEG
ZC3H15,protein_coding,ENSG00000065548,No enriched GO,No_kegg,control_cluster1,non core,non DEG
ZBTB11,protein_coding,ENSG00000066422,No enriched GO,No_kegg,control_cluster1,non core,non DEG
THUMPD1,protein_coding,ENSG00000066654,No enriched GO,No_kegg,control_cluster1,non core,non DEG
TP53BP1,protein_coding,ENSG00000067369,No enriched GO,No_kegg,control_cluster1,non core,non DEG
PDK3,protein_coding,ENSG00000067992,Mitochondrial energy production,No_kegg,control_cluster1,non core,non DEG
ACSL4,protein_coding,ENSG00000068366,Mitochondrial energy production,No_kegg,control_cluster1,core,non DEG
TTC7A,protein_coding,ENSG00000068724,No enriched GO,No_kegg,control_cluster1,non core,non DEG
ERLEC1,protein_coding,ENSG00000068912,No enriched GO,No_kegg,control_cluster1,non core,non DEG
VPS35,protein_coding,ENSG00000069329,Apoptosis,No_kegg,control_cluster1,non core,non DEG
DNAJA2,protein_coding,ENSG00000069345,No enriched GO,No_kegg,control_cluster1,non core,non DEG
FUNDC1,protein_coding,ENSG00000069509,No enriched GO,No_kegg,control_cluster1,non core,non DEG
MAPK6,protein_coding,ENSG00000069956,No enriched GO,No_kegg,control_cluster1,non core,non DEG
PFN2,protein_coding,ENSG00000070087,No enriched GO,No_kegg,control_cluster1,non core,Down-regulated
SMG6,protein_coding,ENSG00000070366,No enriched GO,No_kegg,control_cluster1,non core,non DEG
POLB,protein_coding,ENSG00000070501,No enriched GO,No_kegg,control_cluster1,non core,non DEG
ASNS,protein_coding,ENSG00000070669,No enriched GO,No_kegg,control_cluster1,non core,non DEG
AP3M2,protein_coding,ENSG00000070718,No enriched GO,No_kegg,control_cluster1,non core,Down-regulated
CDC42,protein_coding,ENSG00000070831,No enriched GO,No_kegg,control_cluster1,non core,non DEG
PDCD2,protein_coding,ENSG00000071994,No enriched GO,No_kegg,control_cluster1,non core,non DEG
SLC6A15,protein_coding,ENSG00000072041,No enriched GO,No_kegg,control_cluster1,core,non DEG
CHFR,protein_coding,ENSG00000072609,No enriched GO,No_kegg,control_cluster1,non core,non DEG
TRNT1,protein_coding,ENSG00000072756,No enriched GO,No_kegg,control_cluster1,non core,non DEG
STK10,protein_coding,ENSG00000072786,No enriched GO,No_kegg,control_cluster1,non core,non DEG
SCARB1,protein_coding,ENSG00000073060,No enriched GO,No_kegg,control_cluster1,non core,non DEG
LLGL2,protein_coding,ENSG00000073350,No enriched GO,No_kegg,control_cluster1,non core,non DEG
NSF,protein_coding,ENSG00000073969,No enriched GO,No_kegg,control_cluster1,non core,non DEG
ACTR6,protein_coding,ENSG00000075089,No enriched GO,No_kegg,control_cluster1,non core,non DEG
BCAP29,protein_coding,ENSG00000075790,No enriched GO,No_kegg,control_cluster1,core,non DEG
MCM6,protein_coding,ENSG00000076003,No enriched GO,No_kegg,control_cluster1,non core,non DEG
TOP2B,protein_coding,ENSG00000077097,No enriched GO,No_kegg,control_cluster1,non core,non DEG
UBE2T,protein_coding,ENSG00000077152,No enriched GO,No_kegg,control_cluster1,non core,non DEG
SLC25A43,protein_coding,ENSG00000077713,No enriched GO,No_kegg,control_cluster1,non core,non DEG
UBE2A,protein_coding,ENSG00000077721,No enriched GO,No_kegg,control_cluster1,non core,non DEG
VDAC3,protein_coding,ENSG00000078668,No enriched GO,kegg,control_cluster1,non core,non DEG
XRCC5,protein_coding,ENSG00000079246,No enriched GO,No_kegg,control_cluster1,non core,non DEG
DDX1,protein_coding,ENSG00000079785,No enriched GO,No_kegg,control_cluster1,core,non DEG
STX7,protein_coding,ENSG00000079950,No enriched GO,No_kegg,control_cluster1,non core,non DEG
OSTM1,protein_coding,ENSG00000081087,No enriched GO,No_kegg,control_cluster1,non core,non DEG
OXCT1,protein_coding,ENSG00000083720,Mitochondrial energy production,No_kegg,control_cluster1,non core,non DEG
ZNF586,protein_coding,ENSG00000083828,No enriched GO,No_kegg,control_cluster1,non core,non DEG
FAM234B,protein_coding,ENSG00000084444,No enriched GO,No_kegg,control_cluster1,non core,non DEG
AK6,protein_coding,ENSG00000085231,Mitochondrial energy production,No_kegg,control_cluster1,non core,non DEG
SCAMP1,protein_coding,ENSG00000085365,No enriched GO,No_kegg,control_cluster1,core,non DEG
SEH1L,protein_coding,ENSG00000085415,No enriched GO,No_kegg,control_cluster1,non core,non DEG
WDR47,protein_coding,ENSG00000085433,No enriched GO,No_kegg,control_cluster1,non core,non DEG
PILRA,protein_coding,ENSG00000085514,No enriched GO,No_kegg,control_cluster1,non core,non DEG
RRN3,protein_coding,ENSG00000085721,No enriched GO,No_kegg,control_cluster1,non core,non DEG
DDHD2,protein_coding,ENSG00000085788,No enriched GO,No_kegg,control_cluster1,non core,non DEG
CHMP5,protein_coding,ENSG00000086065,No enriched GO,No_kegg,control_cluster1,non core,non DEG
KLHL42,protein_coding,ENSG00000087448,No enriched GO,No_kegg,control_cluster1,non core,non DEG
DNM1L,protein_coding,ENSG00000087470,"Apoptosis,Mitochondrial energy production",No_kegg,control_cluster1,core,non DEG
PHACTR3,protein_coding,ENSG00000087495,No enriched GO,No_kegg,control_cluster1,non core,non DEG
ATRN,protein_coding,ENSG00000088812,No enriched GO,No_kegg,control_cluster1,non core,non DEG
P2RX7,protein_coding,ENSG00000089041,Mitochondrial energy production,No_kegg,control_cluster1,non core,non DEG
KDM2B,protein_coding,ENSG00000089094,No enriched GO,No_kegg,control_cluster1,non core,non DEG
ZBTB25,protein_coding,ENSG00000089775,No enriched GO,No_kegg,control_cluster1,non core,non DEG
NECAP1,protein_coding,ENSG00000089818,No enriched GO,No_kegg,control_cluster1,non core,Down-regulated
DTX2,protein_coding,ENSG00000091073,No enriched GO,No_kegg,control_cluster1,non core,non DEG
TXNL1,protein_coding,ENSG00000091164,No enriched GO,No_kegg,control_cluster1,non core,non DEG
FH,protein_coding,ENSG00000091483,Mitochondrial energy production,No_kegg,control_cluster1,non core,non DEG
SLC17A6,protein_coding,ENSG00000091664,No enriched GO,No_kegg,control_cluster1,non core,non DEG
CD200,protein_coding,ENSG00000091972,No enriched GO,No_kegg,control_cluster1,non core,Down-regulated
HECTD1,protein_coding,ENSG00000092148,No enriched GO,No_kegg,control_cluster1,non core,non DEG
,lncRNA,ENSG00000093100,No enriched GO,No_kegg,control_cluster1,non core,non DEG
TMEM14A,protein_coding,ENSG00000096092,Apoptosis,No_kegg,control_cluster1,non core,non DEG
CDC5L,protein_coding,ENSG00000096401,No enriched GO,No_kegg,control_cluster1,non core,non DEG
ZNF184,protein_coding,ENSG00000096654,No enriched GO,No_kegg,control_cluster1,non core,non DEG
ABL1,protein_coding,ENSG00000097007,No enriched GO,No_kegg,control_cluster1,non core,non DEG
RAB18,protein_coding,ENSG00000099246,No enriched GO,No_kegg,control_cluster1,non core,non DEG
TOP3B,protein_coding,ENSG00000100038,No enriched GO,No_kegg,control_cluster1,non core,non DEG
POLR2F,protein_coding,ENSG00000100142,No enriched GO,No_kegg,control_cluster1,non core,non DEG
ASCC2,protein_coding,ENSG00000100325,No enriched GO,No_kegg,control_cluster1,non core,non DEG
ZBED4,protein_coding,ENSG00000100426,No enriched GO,No_kegg,control_cluster1,non core,non DEG
FKBP3,protein_coding,ENSG00000100442,No enriched GO,No_kegg,control_cluster1,non core,non DEG
AP4S1,protein_coding,ENSG00000100478,No enriched GO,No_kegg,control_cluster1,non core,non DEG
PSMC6,protein_coding,ENSG00000100519,No enriched GO,kegg,control_cluster1,non core,non DEG
ATP6V1D,protein_coding,ENSG00000100554,"intracellular trafficking,Synapse signaling",No_kegg,control_cluster1,non core,non DEG
GSKIP,protein_coding,ENSG00000100744,No enriched GO,No_kegg,control_cluster1,non core,Down-regulated
PSMA6,protein_coding,ENSG00000100902,No enriched GO,kegg,control_cluster1,non core,non DEG
SEC23A,protein_coding,ENSG00000100934,No enriched GO,No_kegg,control_cluster1,core,non DEG
PFDN4,protein_coding,ENSG00000101132,No enriched GO,No_kegg,control_cluster1,non core,non DEG
CSTF1,protein_coding,ENSG00000101138,No enriched GO,No_kegg,control_cluster1,non core,non DEG
CSNK2A1,protein_coding,ENSG00000101266,No enriched GO,kegg,control_cluster1,non core,non DEG
VAPA,protein_coding,ENSG00000101558,No enriched GO,No_kegg,control_cluster1,non core,non DEG
RNMT,protein_coding,ENSG00000101654,No enriched GO,No_kegg,control_cluster1,core,non DEG
PSMD10,protein_coding,ENSG00000101843,"Apoptosis,Others",No_kegg,control_cluster1,non core,non DEG
PRPS2,protein_coding,ENSG00000101911,Mitochondrial energy production,No_kegg,control_cluster1,non core,non DEG
MOSPD1,protein_coding,ENSG00000101928,No enriched GO,No_kegg,control_cluster1,non core,non DEG
PGK1,protein_coding,ENSG00000102144,Mitochondrial energy production,No_kegg,control_cluster1,non core,non DEG
HTR2A,protein_coding,ENSG00000102468,Mitochondrial energy production,No_kegg,control_cluster1,non core,non DEG
NDFIP2,protein_coding,ENSG00000102471,No enriched GO,No_kegg,control_cluster1,core,non DEG
ELMO3,protein_coding,ENSG00000102890,No enriched GO,No_kegg,control_cluster1,non core,non DEG
LYRM1,protein_coding,ENSG00000102897,No enriched GO,No_kegg,control_cluster1,non core,non DEG
PSMD7,protein_coding,ENSG00000103035,No enriched GO,kegg,control_cluster1,non core,non DEG
WDR59,protein_coding,ENSG00000103091,No enriched GO,No_kegg,control_cluster1,non core,non DEG
NPRL3,protein_coding,ENSG00000103148,No enriched GO,No_kegg,control_cluster1,non core,non DEG
HSDL1,protein_coding,ENSG00000103160,No enriched GO,No_kegg,control_cluster1,non core,non DEG
AAGAB,protein_coding,ENSG00000103591,No enriched GO,No_kegg,control_cluster1,core,non DEG
RAB11A,protein_coding,ENSG00000103769,No enriched GO,No_kegg,control_cluster1,non core,non DEG
DNAJC17,protein_coding,ENSG00000104129,No enriched GO,No_kegg,control_cluster1,non core,non DEG
BLOC1S6,protein_coding,ENSG00000104164,No enriched GO,No_kegg,control_cluster1,non core,non DEG
IKBKB,protein_coding,ENSG00000104365,No enriched GO,kegg,control_cluster1,non core,non DEG
RAB2A,protein_coding,ENSG00000104388,No enriched GO,No_kegg,control_cluster1,non core,non DEG
MTMR9,protein_coding,ENSG00000104643,No enriched GO,No_kegg,control_cluster1,non core,non DEG
LEPROTL1,protein_coding,ENSG00000104660,No enriched GO,No_kegg,control_cluster1,non core,non DEG
BNIP3L,protein_coding,ENSG00000104765,Apoptosis,No_kegg,control_cluster1,non core,non DEG
CCDC61,protein_coding,ENSG00000104983,No enriched GO,No_kegg,control_cluster1,non core,non DEG
AKT2,protein_coding,ENSG00000105221,Mitochondrial energy production,kegg,control_cluster1,core,non DEG
TJP3,protein_coding,ENSG00000105289,No enriched GO,No_kegg,control_cluster1,non core,non DEG
CARD8,protein_coding,ENSG00000105483,No enriched GO,No_kegg,control_cluster1,non core,non DEG
SIPA1L3,protein_coding,ENSG00000105738,No enriched GO,No_kegg,control_cluster1,non core,non DEG
PMPCB,protein_coding,ENSG00000105819,No enriched GO,No_kegg,control_cluster1,non core,non DEG
POLR1F,protein_coding,ENSG00000105849,No enriched GO,No_kegg,control_cluster1,non core,non DEG
CBLL1,protein_coding,ENSG00000105879,No enriched GO,No_kegg,control_cluster1,non core,non DEG
TAX1BP1,protein_coding,ENSG00000106052,No enriched GO,No_kegg,control_cluster1,core,non DEG
GARS1,protein_coding,ENSG00000106105,Mitochondrial energy production,No_kegg,control_cluster1,non core,non DEG
WASL,protein_coding,ENSG00000106299,No enriched GO,No_kegg,control_cluster1,non core,non DEG
TMEM106B,protein_coding,ENSG00000106460,intracellular trafficking,No_kegg,control_cluster1,non core,non DEG
ZNF862,protein_coding,ENSG00000106479,No enriched GO,No_kegg,control_cluster1,non core,non DEG
TSPAN13,protein_coding,ENSG00000106537,No enriched GO,No_kegg,control_cluster1,non core,non DEG
TMEM245,protein_coding,ENSG00000106771,No enriched GO,No_kegg,control_cluster1,non core,non DEG
PTGR1,protein_coding,ENSG00000106853,No enriched GO,No_kegg,control_cluster1,non core,non DEG
PPP3CB,protein_coding,ENSG00000107758,No enriched GO,kegg,control_cluster1,core,non DEG
SUFU,protein_coding,ENSG00000107882,No enriched GO,No_kegg,control_cluster1,non core,non DEG
CUL2,protein_coding,ENSG00000108094,No enriched GO,No_kegg,control_cluster1,non core,non DEG
TRIM37,protein_coding,ENSG00000108395,No enriched GO,No_kegg,control_cluster1,non core,non DEG
C17orf75,protein_coding,ENSG00000108666,No enriched GO,No_kegg,control_cluster1,non core,non DEG
ALOX12,protein_coding,ENSG00000108839,No enriched GO,No_kegg,control_cluster1,non core,non DEG
ABCC3,protein_coding,ENSG00000108846,No enriched GO,No_kegg,control_cluster1,non core,non DEG
PRKAR1A,protein_coding,ENSG00000108946,No enriched GO,No_kegg,control_cluster1,non core,non DEG
TMEM33,protein_coding,ENSG00000109133,No enriched GO,No_kegg,control_cluster1,non core,non DEG
OCIAD1,protein_coding,ENSG00000109180,No enriched GO,No_kegg,control_cluster1,non core,non DEG
LAMTOR3,protein_coding,ENSG00000109270,No enriched GO,No_kegg,control_cluster1,non core,non DEG
FRG1,protein_coding,ENSG00000109536,No enriched GO,No_kegg,control_cluster1,non core,non DEG
CLCN3,protein_coding,ENSG00000109572,Synapse signaling,No_kegg,control_cluster1,non core,non DEG
HSPA8,protein_coding,ENSG00000109971,Mitochondrial energy production,No_kegg,control_cluster1,non core,non DEG
PUS3,protein_coding,ENSG00000110060,No enriched GO,No_kegg,control_cluster1,non core,non DEG
PANX1,protein_coding,ENSG00000110218,No enriched GO,No_kegg,control_cluster1,non core,non DEG
CEP164,protein_coding,ENSG00000110274,No enriched GO,No_kegg,control_cluster1,non core,non DEG
FBXO3,protein_coding,ENSG00000110429,No enriched GO,No_kegg,control_cluster1,core,non DEG
C11orf58,protein_coding,ENSG00000110696,No enriched GO,No_kegg,control_cluster1,non core,non DEG
PRPF40B,protein_coding,ENSG00000110844,No enriched GO,No_kegg,control_cluster1,non core,non DEG
TSPAN11,protein_coding,ENSG00000110900,No enriched GO,No_kegg,control_cluster1,non core,non DEG
ACAD10,protein_coding,ENSG00000111271,No enriched GO,No_kegg,control_cluster1,non core,non DEG
SLC38A1,protein_coding,ENSG00000111371,No enriched GO,No_kegg,control_cluster1,non core,non DEG
CAND1,protein_coding,ENSG00000111530,No enriched GO,No_kegg,control_cluster1,non core,non DEG
KRR1,protein_coding,ENSG00000111615,No enriched GO,No_kegg,control_cluster1,core,non DEG
TPI1,protein_coding,ENSG00000111669,Mitochondrial energy production,No_kegg,control_cluster1,non core,non DEG
LPCAT3,protein_coding,ENSG00000111684,No enriched GO,No_kegg,control_cluster1,non core,non DEG
DSE,protein_coding,ENSG00000111817,No enriched GO,No_kegg,control_cluster1,non core,non DEG
PAK1IP1,protein_coding,ENSG00000111845,No enriched GO,No_kegg,control_cluster1,non core,non DEG
PPARD,protein_coding,ENSG00000112033,Mitochondrial energy production,No_kegg,control_cluster1,non core,non DEG
TMEM30A,protein_coding,ENSG00000112697,No enriched GO,No_kegg,control_cluster1,non core,non DEG
MRPS30,protein_coding,ENSG00000112996,No enriched GO,No_kegg,control_cluster1,non core,non DEG
HMGCR,protein_coding,ENSG00000113161,Mitochondrial energy production,No_kegg,control_cluster1,non core,non DEG
SUB1,protein_coding,ENSG00000113387,No enriched GO,No_kegg,control_cluster1,non core,Down-regulated
LNPEP,protein_coding,ENSG00000113441,No enriched GO,No_kegg,control_cluster1,non core,non DEG
RAD1,protein_coding,ENSG00000113456,No enriched GO,No_kegg,control_cluster1,non core,non DEG
SKP1,protein_coding,ENSG00000113558,No enriched GO,No_kegg,control_cluster1,non core,non DEG
TRIM23,protein_coding,ENSG00000113595,No enriched GO,No_kegg,control_cluster1,non core,non DEG
TTC33,protein_coding,ENSG00000113638,No enriched GO,No_kegg,control_cluster1,non core,non DEG
RARS1,protein_coding,ENSG00000113643,No enriched GO,No_kegg,control_cluster1,non core,non DEG
NIT2,protein_coding,ENSG00000114021,No enriched GO,No_kegg,control_cluster1,non core,non DEG
FAM162A,protein_coding,ENSG00000114023,Apoptosis,No_kegg,control_cluster1,non core,Down-regulated
PFKFB4,protein_coding,ENSG00000114268,No enriched GO,No_kegg,control_cluster1,non core,non DEG
HYAL1,protein_coding,ENSG00000114378,No enriched GO,No_kegg,control_cluster1,non core,non DEG
CEP15,protein_coding,ENSG00000114405,No enriched GO,No_kegg,control_cluster1,non core,non DEG
ATP6V1A,protein_coding,ENSG00000114573,"intracellular trafficking,Mitochondrial energy production,Synapse signaling",No_kegg,control_cluster1,non core,non DEG
MRPL3,protein_coding,ENSG00000114686,No enriched GO,No_kegg,control_cluster1,core,non DEG
HEMK1,protein_coding,ENSG00000114735,No enriched GO,No_kegg,control_cluster1,non core,non DEG
EIF1B,protein_coding,ENSG00000114784,No enriched GO,No_kegg,control_cluster1,non core,non DEG
PSMD14,protein_coding,ENSG00000115233,No enriched GO,kegg,control_cluster1,non core,non DEG
RTN4,protein_coding,ENSG00000115310,No enriched GO,kegg,control_cluster1,non core,non DEG
STAT1,protein_coding,ENSG00000115415,No enriched GO,No_kegg,control_cluster1,core,non DEG
COQ10B,protein_coding,ENSG00000115520,Mitochondrial energy production,No_kegg,control_cluster1,non core,non DEG
MOB4,protein_coding,ENSG00000115540,No enriched GO,No_kegg,control_cluster1,non core,non DEG
PLEKHB2,protein_coding,ENSG00000115762,No enriched GO,No_kegg,control_cluster1,non core,non DEG
COX7A2L,protein_coding,ENSG00000115944,Mitochondrial energy production,kegg,control_cluster1,non core,non DEG
SUMO1,protein_coding,ENSG00000116030,No enriched GO,No_kegg,control_cluster1,non core,non DEG
ATP5PB,protein_coding,ENSG00000116459,Mitochondrial energy production,kegg,control_cluster1,non core,non DEG
DNAJC6,protein_coding,ENSG00000116675,No enriched GO,No_kegg,control_cluster1,non core,non DEG
EXOC8,protein_coding,ENSG00000116903,No enriched GO,No_kegg,control_cluster1,non core,non DEG
LGALS8,protein_coding,ENSG00000116977,No enriched GO,No_kegg,control_cluster1,non core,non DEG
SDHB,protein_coding,ENSG00000117118,Mitochondrial energy production,kegg,control_cluster1,non core,non DEG
UAP1,protein_coding,ENSG00000117143,No enriched GO,No_kegg,control_cluster1,non core,non DEG
RGS4,protein_coding,ENSG00000117152,No enriched GO,No_kegg,control_cluster1,non core,Down-regulated
P3H1,protein_coding,ENSG00000117385,No enriched GO,No_kegg,control_cluster1,non core,non DEG
DR1,protein_coding,ENSG00000117505,No enriched GO,No_kegg,control_cluster1,non core,non DEG
PCDH17,protein_coding,ENSG00000118946,No enriched GO,No_kegg,control_cluster1,non core,non DEG
HS1BP3,protein_coding,ENSG00000118960,No enriched GO,No_kegg,control_cluster1,non core,non DEG
GDA,protein_coding,ENSG00000119125,Mitochondrial energy production,No_kegg,control_cluster1,non core,Down-regulated
RAD23B,protein_coding,ENSG00000119318,No enriched GO,No_kegg,control_cluster1,non core,non DEG
RAB14,protein_coding,ENSG00000119396,No enriched GO,No_kegg,control_cluster1,non core,non DEG
TRIM32,protein_coding,ENSG00000119401,No enriched GO,No_kegg,control_cluster1,non core,non DEG
RBM18,protein_coding,ENSG00000119446,No enriched GO,No_kegg,control_cluster1,non core,non DEG
ABCD4,protein_coding,ENSG00000119688,No enriched GO,No_kegg,control_cluster1,non core,non DEG
DNMT3A,protein_coding,ENSG00000119772,No enriched GO,No_kegg,control_cluster1,non core,non DEG
YPEL5,protein_coding,ENSG00000119801,No enriched GO,No_kegg,control_cluster1,non core,non DEG
LGALSL,protein_coding,ENSG00000119862,No enriched GO,No_kegg,control_cluster1,non core,non DEG
CNRIP1,protein_coding,ENSG00000119865,No enriched GO,No_kegg,control_cluster1,non core,non DEG
PYROXD2,protein_coding,ENSG00000119943,No enriched GO,No_kegg,control_cluster1,non core,non DEG
C10orf88,protein_coding,ENSG00000119965,No enriched GO,No_kegg,control_cluster1,non core,non DEG
PCMT1,protein_coding,ENSG00000120265,No enriched GO,No_kegg,control_cluster1,non core,non DEG
ACAT2,protein_coding,ENSG00000120437,No enriched GO,No_kegg,control_cluster1,non core,non DEG
KBTBD7,protein_coding,ENSG00000120696,No enriched GO,No_kegg,control_cluster1,non core,non DEG
ARL1,protein_coding,ENSG00000120805,No enriched GO,No_kegg,control_cluster1,non core,non DEG
COPS5,protein_coding,ENSG00000121022,No enriched GO,No_kegg,control_cluster1,non core,non DEG
TRIM25,protein_coding,ENSG00000121060,No enriched GO,No_kegg,control_cluster1,non core,non DEG
CEP89,protein_coding,ENSG00000121289,No enriched GO,No_kegg,control_cluster1,non core,non DEG
ECHDC2,protein_coding,ENSG00000121310,No enriched GO,No_kegg,control_cluster1,non core,non DEG
OCRL,protein_coding,ENSG00000122126,No enriched GO,No_kegg,control_cluster1,non core,non DEG
ARL4A,protein_coding,ENSG00000122644,No enriched GO,No_kegg,control_cluster1,non core,non DEG
CISD1,protein_coding,ENSG00000122873,Mitochondrial energy production,No_kegg,control_cluster1,non core,non DEG
RBM19,protein_coding,ENSG00000122965,No enriched GO,No_kegg,control_cluster1,non core,non DEG
RNF11,protein_coding,ENSG00000123091,No enriched GO,No_kegg,control_cluster1,non core,non DEG
NDUFAF4,protein_coding,ENSG00000123545,No enriched GO,No_kegg,control_cluster1,non core,non DEG
MORF4L2,protein_coding,ENSG00000123562,No enriched GO,No_kegg,control_cluster1,non core,non DEG
RAB9B,protein_coding,ENSG00000123570,No enriched GO,No_kegg,control_cluster1,non core,Down-regulated
FAM199X,protein_coding,ENSG00000123575,No enriched GO,No_kegg,control_cluster1,non core,non DEG
ACVR1C,protein_coding,ENSG00000123612,No enriched GO,No_kegg,control_cluster1,non core,non DEG
EXOSC9,protein_coding,ENSG00000123737,No enriched GO,No_kegg,control_cluster1,non core,non DEG
ACSL3,protein_coding,ENSG00000123983,Mitochondrial energy production,No_kegg,control_cluster1,non core,non DEG
CSE1L,protein_coding,ENSG00000124207,No enriched GO,No_kegg,control_cluster1,non core,non DEG
FASTKD3,protein_coding,ENSG00000124279,No enriched GO,No_kegg,control_cluster1,non core,non DEG
USP9X,protein_coding,ENSG00000124486,No enriched GO,No_kegg,control_cluster1,non core,non DEG
MAD2L1BP,protein_coding,ENSG00000124688,No enriched GO,No_kegg,control_cluster1,non core,non DEG
GLO1,protein_coding,ENSG00000124767,No enriched GO,No_kegg,control_cluster1,non core,non DEG
EMC3,protein_coding,ENSG00000125037,No enriched GO,No_kegg,control_cluster1,non core,non DEG
RAP2A,protein_coding,ENSG00000125249,No enriched GO,No_kegg,control_cluster1,non core,non DEG
TM9SF2,protein_coding,ENSG00000125304,No enriched GO,No_kegg,control_cluster1,non core,non DEG
HROB,protein_coding,ENSG00000125319,No enriched GO,No_kegg,control_cluster1,non core,non DEG
FAM193A,protein_coding,ENSG00000125386,No enriched GO,No_kegg,control_cluster1,non core,non DEG
NAPB,protein_coding,ENSG00000125814,No enriched GO,No_kegg,control_cluster1,non core,non DEG
MKKS,protein_coding,ENSG00000125863,No enriched GO,No_kegg,control_cluster1,non core,non DEG
DSTN,protein_coding,ENSG00000125868,No enriched GO,No_kegg,control_cluster1,non core,non DEG
SNRPB2,protein_coding,ENSG00000125870,No enriched GO,No_kegg,control_cluster1,non core,non DEG
ARMCX5,protein_coding,ENSG00000125962,No enriched GO,No_kegg,control_cluster1,non core,non DEG
TRMT5,protein_coding,ENSG00000126814,No enriched GO,No_kegg,control_cluster1,non core,non DEG
ARMCX1,protein_coding,ENSG00000126947,No enriched GO,No_kegg,control_cluster1,non core,non DEG
TIMM8A,protein_coding,ENSG00000126953,No enriched GO,No_kegg,control_cluster1,non core,non DEG
YEATS4,protein_coding,ENSG00000127337,No enriched GO,No_kegg,control_cluster1,non core,non DEG
KDM4B,protein_coding,ENSG00000127663,No enriched GO,No_kegg,control_cluster1,non core,non DEG
METTL16,protein_coding,ENSG00000127804,No enriched GO,No_kegg,control_cluster1,non core,non DEG
CASD1,protein_coding,ENSG00000127995,No enriched GO,No_kegg,control_cluster1,core,non DEG
DNAJB9,protein_coding,ENSG00000128590,No enriched GO,No_kegg,control_cluster1,non core,non DEG
NDUFA5,protein_coding,ENSG00000128609,Mitochondrial energy production,kegg,control_cluster1,non core,Down-regulated
GAD1,protein_coding,ENSG00000128683,No enriched GO,No_kegg,control_cluster1,non core,Down-regulated
TMOD2,protein_coding,ENSG00000128872,No enriched GO,No_kegg,control_cluster1,non core,non DEG
THAP10,protein_coding,ENSG00000129028,No enriched GO,No_kegg,control_cluster1,non core,non DEG
SPCS3,protein_coding,ENSG00000129128,No enriched GO,No_kegg,control_cluster1,non core,non DEG
ASH2L,protein_coding,ENSG00000129691,No enriched GO,No_kegg,control_cluster1,non core,non DEG
PNPLA7,protein_coding,ENSG00000130653,No enriched GO,No_kegg,control_cluster1,non core,non DEG
TAF4,protein_coding,ENSG00000130699,No enriched GO,No_kegg,control_cluster1,non core,non DEG
ATP6V1E1,protein_coding,ENSG00000131100,Synapse signaling,No_kegg,control_cluster1,non core,Down-regulated
COX7B,protein_coding,ENSG00000131174,Mitochondrial energy production,kegg,control_cluster1,non core,Down-regulated
PPT1,protein_coding,ENSG00000131238,"intracellular trafficking,Mitochondrial energy production",No_kegg,control_cluster1,non core,non DEG
RLIM,protein_coding,ENSG00000131263,No enriched GO,No_kegg,control_cluster1,non core,non DEG
KIF3A,protein_coding,ENSG00000131437,No enriched GO,No_kegg,control_cluster1,non core,non DEG
PPFIA1,protein_coding,ENSG00000131626,No enriched GO,No_kegg,control_cluster1,non core,non DEG
PEX11B,protein_coding,ENSG00000131779,No enriched GO,No_kegg,control_cluster1,non core,non DEG
ZNF304,protein_coding,ENSG00000131845,No enriched GO,No_kegg,control_cluster1,non core,non DEG
ACTR10,protein_coding,ENSG00000131966,No enriched GO,No_kegg,control_cluster1,non core,non DEG
RFX1,protein_coding,ENSG00000132005,No enriched GO,No_kegg,control_cluster1,non core,non DEG
NUP210,protein_coding,ENSG00000132182,No enriched GO,No_kegg,control_cluster1,non core,non DEG
MRPL35,protein_coding,ENSG00000132313,No enriched GO,No_kegg,control_cluster1,non core,non DEG
RAMP1,protein_coding,ENSG00000132329,No enriched GO,No_kegg,control_cluster1,non core,non DEG
COQ3,protein_coding,ENSG00000132423,No enriched GO,No_kegg,control_cluster1,non core,non DEG
FIGNL1,protein_coding,ENSG00000132436,Mitochondrial energy production,No_kegg,control_cluster1,non core,non DEG
UNK,protein_coding,ENSG00000132478,No enriched GO,No_kegg,control_cluster1,non core,non DEG
SYT4,protein_coding,ENSG00000132872,No enriched GO,No_kegg,control_cluster1,non core,non DEG
CASP9,protein_coding,ENSG00000132906,No enriched GO,kegg,control_cluster1,non core,non DEG
BEX2,protein_coding,ENSG00000133134,No enriched GO,No_kegg,control_cluster1,non core,Down-regulated
BEX1,protein_coding,ENSG00000133169,No enriched GO,No_kegg,control_cluster1,non core,Down-regulated
RLIG1,protein_coding,ENSG00000133641,No enriched GO,No_kegg,control_cluster1,non core,non DEG
IMPA1,protein_coding,ENSG00000133731,No enriched GO,No_kegg,control_cluster1,non core,non DEG
DGLUCY,protein_coding,ENSG00000133943,No enriched GO,No_kegg,control_cluster1,non core,non DEG
EIF2S1,protein_coding,ENSG00000134001,No enriched GO,kegg,control_cluster1,non core,non DEG
LOXL2,protein_coding,ENSG00000134013,Mitochondrial energy production,No_kegg,control_cluster1,non core,non DEG
IER3IP1,protein_coding,ENSG00000134049,No enriched GO,No_kegg,control_cluster1,non core,non DEG
MRPS36,protein_coding,ENSG00000134056,Mitochondrial energy production,No_kegg,control_cluster1,non core,non DEG
CCNB1,protein_coding,ENSG00000134057,Mitochondrial energy production,No_kegg,control_cluster1,non core,non DEG
NAPG,protein_coding,ENSG00000134265,No enriched GO,No_kegg,control_cluster1,non core,non DEG
KIDINS220,protein_coding,ENSG00000134313,No enriched GO,No_kegg,control_cluster1,non core,non DEG
CMPK2,protein_coding,ENSG00000134326,Mitochondrial energy production,No_kegg,control_cluster1,non core,non DEG
IAH1,protein_coding,ENSG00000134330,No enriched GO,No_kegg,control_cluster1,non core,non DEG
NAV1,protein_coding,ENSG00000134369,No enriched GO,No_kegg,control_cluster1,non core,non DEG
NARS1,protein_coding,ENSG00000134440,No enriched GO,No_kegg,control_cluster1,non core,non DEG
BTF3L4,protein_coding,ENSG00000134717,No enriched GO,No_kegg,control_cluster1,non core,non DEG
RFK,protein_coding,ENSG00000135002,Mitochondrial energy production,No_kegg,control_cluster1,non core,Down-regulated
UBQLN1,protein_coding,ENSG00000135018,No enriched GO,No_kegg,control_cluster1,non core,non DEG
ISCA1,protein_coding,ENSG00000135070,No enriched GO,No_kegg,control_cluster1,non core,non DEG
CAPRIN1,protein_coding,ENSG00000135387,No enriched GO,No_kegg,control_cluster1,non core,non DEG
PIGC,protein_coding,ENSG00000135845,No enriched GO,No_kegg,control_cluster1,non core,non DEG
CAB39,protein_coding,ENSG00000135932,No enriched GO,No_kegg,control_cluster1,non core,non DEG
ISCU,protein_coding,ENSG00000136003,Mitochondrial energy production,No_kegg,control_cluster1,non core,non DEG
PWP1,protein_coding,ENSG00000136045,No enriched GO,No_kegg,control_cluster1,non core,non DEG
FLNB,protein_coding,ENSG00000136068,No enriched GO,No_kegg,control_cluster1,non core,non DEG
CKAP2,protein_coding,ENSG00000136108,No enriched GO,No_kegg,control_cluster1,non core,non DEG
SPDYE1,protein_coding,ENSG00000136206,Others,No_kegg,control_cluster1,non core,non DEG
ZFHX2,protein_coding,ENSG00000136367,No enriched GO,No_kegg,control_cluster1,non core,non DEG
TM6SF1,protein_coding,ENSG00000136404,No enriched GO,No_kegg,control_cluster1,non core,non DEG
NDUFB5,protein_coding,ENSG00000136521,Mitochondrial energy production,kegg,control_cluster1,non core,Down-regulated
SCN2A,protein_coding,ENSG00000136531,No enriched GO,No_kegg,control_cluster1,core,non DEG
EPRS1,protein_coding,ENSG00000136628,No enriched GO,No_kegg,control_cluster1,non core,non DEG
STAM,protein_coding,ENSG00000136738,No enriched GO,No_kegg,control_cluster1,non core,non DEG
YME1L1,protein_coding,ENSG00000136758,No enriched GO,No_kegg,control_cluster1,non core,non DEG
MRPL50,protein_coding,ENSG00000136897,No enriched GO,No_kegg,control_cluster1,non core,non DEG
RANBP6,protein_coding,ENSG00000137040,No enriched GO,No_kegg,control_cluster1,non core,non DEG
CD72,protein_coding,ENSG00000137101,No enriched GO,No_kegg,control_cluster1,non core,non DEG
FAM8A1,protein_coding,ENSG00000137414,No enriched GO,No_kegg,control_cluster1,non core,non DEG
GGH,protein_coding,ENSG00000137563,No enriched GO,No_kegg,control_cluster1,non core,non DEG
MAPKBP1,protein_coding,ENSG00000137802,No enriched GO,No_kegg,control_cluster1,non core,non DEG
ITGA11,protein_coding,ENSG00000137809,No enriched GO,No_kegg,control_cluster1,non core,non DEG
TUBGCP4,protein_coding,ENSG00000137822,No enriched GO,No_kegg,control_cluster1,non core,non DEG
RSL24D1,protein_coding,ENSG00000137876,No enriched GO,No_kegg,control_cluster1,non core,non DEG
SELENOI,protein_coding,ENSG00000138018,No enriched GO,No_kegg,control_cluster1,non core,non DEG
RAB1A,protein_coding,ENSG00000138069,No enriched GO,No_kegg,control_cluster1,non core,non DEG
PREPL,protein_coding,ENSG00000138078,No enriched GO,No_kegg,control_cluster1,non core,non DEG
SLC3A1,protein_coding,ENSG00000138079,No enriched GO,No_kegg,control_cluster1,non core,non DEG
ASNSD1,protein_coding,ENSG00000138381,No enriched GO,No_kegg,control_cluster1,non core,non DEG
SSB,protein_coding,ENSG00000138385,No enriched GO,No_kegg,control_cluster1,non core,non DEG
PARP16,protein_coding,ENSG00000138617,Mitochondrial energy production,No_kegg,control_cluster1,non core,non DEG
PPCDC,protein_coding,ENSG00000138621,Mitochondrial energy production,No_kegg,control_cluster1,non core,non DEG
PCDH10,protein_coding,ENSG00000138650,No enriched GO,No_kegg,control_cluster1,non core,non DEG
COPS4,protein_coding,ENSG00000138663,No enriched GO,No_kegg,control_cluster1,non core,non DEG
G3BP2,protein_coding,ENSG00000138757,No enriched GO,No_kegg,control_cluster1,non core,non DEG
GABARAPL1,protein_coding,ENSG00000139112,Mitochondrial energy production,No_kegg,control_cluster1,non core,Down-regulated
YARS2,protein_coding,ENSG00000139131,No enriched GO,No_kegg,control_cluster1,core,non DEG
ETFBKMT,protein_coding,ENSG00000139160,Mitochondrial energy production,No_kegg,control_cluster1,non core,non DEG
NDUFA9,protein_coding,ENSG00000139180,Mitochondrial energy production,kegg,control_cluster1,non core,non DEG
GLIPR1,protein_coding,ENSG00000139278,No enriched GO,No_kegg,control_cluster1,non core,non DEG
MTMR6,protein_coding,ENSG00000139505,No enriched GO,No_kegg,control_cluster1,non core,non DEG
ESD,protein_coding,ENSG00000139684,No enriched GO,No_kegg,control_cluster1,non core,non DEG
NAA30,protein_coding,ENSG00000139977,No enriched GO,No_kegg,control_cluster1,non core,non DEG
WDR20,protein_coding,ENSG00000140153,No enriched GO,No_kegg,control_cluster1,non core,non DEG
NIPA2,protein_coding,ENSG00000140157,No enriched GO,No_kegg,control_cluster1,non core,non DEG
LYSMD2,protein_coding,ENSG00000140280,No enriched GO,No_kegg,control_cluster1,non core,non DEG
CDAN1,protein_coding,ENSG00000140326,No enriched GO,No_kegg,control_cluster1,non core,non DEG
PMM2,protein_coding,ENSG00000140650,No enriched GO,No_kegg,control_cluster1,non core,non DEG
UQCRC2,protein_coding,ENSG00000140740,Mitochondrial energy production,kegg,control_cluster1,non core,non DEG
GALNS,protein_coding,ENSG00000141012,No enriched GO,No_kegg,control_cluster1,non core,non DEG
COPS3,protein_coding,ENSG00000141030,No enriched GO,No_kegg,control_cluster1,non core,non DEG
ZNF287,protein_coding,ENSG00000141040,No enriched GO,No_kegg,control_cluster1,non core,non DEG
CLTC,protein_coding,ENSG00000141367,No enriched GO,No_kegg,control_cluster1,non core,non DEG
PTRH2,protein_coding,ENSG00000141378,No enriched GO,No_kegg,control_cluster1,non core,non DEG
PRELID3A,protein_coding,ENSG00000141391,No enriched GO,No_kegg,control_cluster1,non core,non DEG
RPRD1A,protein_coding,ENSG00000141425,No enriched GO,No_kegg,control_cluster1,non core,non DEG
C18orf21,protein_coding,ENSG00000141428,No enriched GO,No_kegg,control_cluster1,non core,non DEG
ADCYAP1,protein_coding,ENSG00000141433,No enriched GO,No_kegg,control_cluster1,non core,Down-regulated
TMEM91,protein_coding,ENSG00000142046,No enriched GO,No_kegg,control_cluster1,non core,non DEG
CNKSR1,protein_coding,ENSG00000142675,No enriched GO,No_kegg,control_cluster1,non core,non DEG
PRKACB,protein_coding,ENSG00000142875,No enriched GO,No_kegg,control_cluster1,core,non DEG
LMO4,protein_coding,ENSG00000143013,No enriched GO,No_kegg,control_cluster1,non core,non DEG
PSMA5,protein_coding,ENSG00000143106,No enriched GO,kegg,control_cluster1,non core,non DEG
TIPRL,protein_coding,ENSG00000143155,No enriched GO,No_kegg,control_cluster1,non core,non DEG
MPC2,protein_coding,ENSG00000143158,No enriched GO,No_kegg,control_cluster1,non core,non DEG
ACP1,protein_coding,ENSG00000143727,No enriched GO,No_kegg,control_cluster1,non core,non DEG
FBXO28,protein_coding,ENSG00000143756,No enriched GO,No_kegg,control_cluster1,non core,non DEG
CALM2,protein_coding,ENSG00000143933,No enriched GO,kegg,control_cluster1,non core,non DEG
SLC20A1,protein_coding,ENSG00000144136,No enriched GO,No_kegg,control_cluster1,non core,non DEG
ARL6IP5,protein_coding,ENSG00000144746,No enriched GO,No_kegg,control_cluster1,non core,non DEG
ABHD10,protein_coding,ENSG00000144827,No enriched GO,No_kegg,control_cluster1,non core,non DEG
TAGLN3,protein_coding,ENSG00000144834,No enriched GO,No_kegg,control_cluster1,non core,Down-regulated
SRPRB,protein_coding,ENSG00000144867,No enriched GO,No_kegg,control_cluster1,non core,non DEG
EIF2A,protein_coding,ENSG00000144895,No enriched GO,No_kegg,control_cluster1,non core,non DEG
CISD2,protein_coding,ENSG00000145354,No enriched GO,No_kegg,control_cluster1,non core,non DEG
MARCHF6,protein_coding,ENSG00000145495,No enriched GO,No_kegg,control_cluster1,non core,non DEG
SRD5A1,protein_coding,ENSG00000145545,Mitochondrial energy production,No_kegg,control_cluster1,non core,non DEG
PLK2,protein_coding,ENSG00000145632,No enriched GO,No_kegg,control_cluster1,non core,Down-regulated
PIK3R1,protein_coding,ENSG00000145675,No enriched GO,kegg,control_cluster1,non core,non DEG
ATG12,protein_coding,ENSG00000145782,No enriched GO,No_kegg,control_cluster1,non core,non DEG
YIPF5,protein_coding,ENSG00000145817,No enriched GO,No_kegg,control_cluster1,non core,non DEG
FAM193B,protein_coding,ENSG00000146067,No enriched GO,No_kegg,control_cluster1,non core,non DEG
DOK3,protein_coding,ENSG00000146094,No enriched GO,No_kegg,control_cluster1,non core,non DEG
ANO7,protein_coding,ENSG00000146205,No enriched GO,No_kegg,control_cluster1,non core,non DEG
ABRACL,protein_coding,ENSG00000146386,No enriched GO,No_kegg,control_cluster1,non core,Down-regulated
VIP,protein_coding,ENSG00000146469,No enriched GO,No_kegg,control_cluster1,non core,Down-regulated
ARMT1,protein_coding,ENSG00000146476,No enriched GO,No_kegg,control_cluster1,non core,non DEG
PURB,protein_coding,ENSG00000146676,No enriched GO,No_kegg,control_cluster1,non core,non DEG
CCT6A,protein_coding,ENSG00000146731,No enriched GO,No_kegg,control_cluster1,non core,non DEG
PSPH,protein_coding,ENSG00000146733,No enriched GO,No_kegg,control_cluster1,non core,non DEG
TRIM4,protein_coding,ENSG00000146833,No enriched GO,No_kegg,control_cluster1,non core,non DEG
ZNF711,protein_coding,ENSG00000147180,No enriched GO,No_kegg,control_cluster1,non core,Down-regulated
ATP6V1B2,protein_coding,ENSG00000147416,"intracellular trafficking,Mitochondrial energy production,Synapse signaling",No_kegg,control_cluster1,non core,Down-regulated
POLR2K,protein_coding,ENSG00000147669,No enriched GO,No_kegg,control_cluster1,non core,non DEG
GBGT1,protein_coding,ENSG00000148288,No enriched GO,No_kegg,control_cluster1,non core,non DEG
NRBF2,protein_coding,ENSG00000148572,No enriched GO,kegg,control_cluster1,non core,non DEG
RPP30,protein_coding,ENSG00000148688,No enriched GO,No_kegg,control_cluster1,non core,non DEG
EIF3M,protein_coding,ENSG00000149100,No enriched GO,No_kegg,control_cluster1,non core,non DEG
PAK1,protein_coding,ENSG00000149269,No enriched GO,No_kegg,control_cluster1,non core,non DEG
AASDHPPT,protein_coding,ENSG00000149313,No enriched GO,No_kegg,control_cluster1,core,non DEG
LTO1,protein_coding,ENSG00000149716,No enriched GO,No_kegg,control_cluster1,non core,non DEG
GPM6A,protein_coding,ENSG00000150625,No enriched GO,No_kegg,control_cluster1,non core,non DEG
CD226,protein_coding,ENSG00000150637,No enriched GO,No_kegg,control_cluster1,non core,non DEG
DLAT,protein_coding,ENSG00000150768,Mitochondrial energy production,No_kegg,control_cluster1,non core,non DEG
PIH1D2,protein_coding,ENSG00000150773,No enriched GO,No_kegg,control_cluster1,non core,non DEG
ENKUR,protein_coding,ENSG00000151023,No enriched GO,No_kegg,control_cluster1,non core,non DEG
NOPCHAP1,protein_coding,ENSG00000151131,No enriched GO,No_kegg,control_cluster1,non core,non DEG
TMEM263,protein_coding,ENSG00000151135,No enriched GO,No_kegg,control_cluster1,non core,non DEG
THYN1,protein_coding,ENSG00000151500,No enriched GO,No_kegg,control_cluster1,non core,non DEG
GUF1,protein_coding,ENSG00000151806,No enriched GO,No_kegg,control_cluster1,non core,non DEG
SACS,protein_coding,ENSG00000151835,No enriched GO,No_kegg,control_cluster1,non core,non DEG
TLCD4,protein_coding,ENSG00000152078,No enriched GO,No_kegg,control_cluster1,non core,non DEG
ARL14EP,protein_coding,ENSG00000152219,No enriched GO,No_kegg,control_cluster1,non core,non DEG
ATP5F1A,protein_coding,ENSG00000152234,Mitochondrial energy production,kegg,control_cluster1,non core,non DEG
UHMK1,protein_coding,ENSG00000152332,No enriched GO,No_kegg,control_cluster1,non core,non DEG
TADA1,protein_coding,ENSG00000152382,No enriched GO,No_kegg,control_cluster1,non core,non DEG
ZNF776,protein_coding,ENSG00000152443,No enriched GO,No_kegg,control_cluster1,non core,non DEG
ZNF837,protein_coding,ENSG00000152475,No enriched GO,No_kegg,control_cluster1,non core,non DEG
GPD1L,protein_coding,ENSG00000152642,No enriched GO,No_kegg,control_cluster1,non core,non DEG
MED21,protein_coding,ENSG00000152944,No enriched GO,No_kegg,control_cluster1,non core,non DEG
SCOC,protein_coding,ENSG00000153130,No enriched GO,No_kegg,control_cluster1,non core,non DEG
CLGN,protein_coding,ENSG00000153132,No enriched GO,No_kegg,control_cluster1,non core,non DEG
TBRG1,protein_coding,ENSG00000154144,No enriched GO,No_kegg,control_cluster1,non core,non DEG
TOMM70,protein_coding,ENSG00000154174,No enriched GO,No_kegg,control_cluster1,non core,non DEG
CCSAP,protein_coding,ENSG00000154429,No enriched GO,No_kegg,control_cluster1,non core,non DEG
ELOC,protein_coding,ENSG00000154582,No enriched GO,No_kegg,control_cluster1,non core,non DEG
PROM2,protein_coding,ENSG00000155066,No enriched GO,No_kegg,control_cluster1,non core,non DEG
HSPA13,protein_coding,ENSG00000155304,No enriched GO,No_kegg,control_cluster1,non core,non DEG
MOV10,protein_coding,ENSG00000155363,No enriched GO,No_kegg,control_cluster1,non core,non DEG
TMEM237,protein_coding,ENSG00000155755,No enriched GO,No_kegg,control_cluster1,non core,non DEG
LSM11,protein_coding,ENSG00000155858,No enriched GO,No_kegg,control_cluster1,non core,non DEG
RAB39B,protein_coding,ENSG00000155961,No enriched GO,No_kegg,control_cluster1,non core,non DEG
VPS37A,protein_coding,ENSG00000155975,No enriched GO,No_kegg,control_cluster1,non core,non DEG
PSD3,protein_coding,ENSG00000156011,No enriched GO,No_kegg,control_cluster1,non core,non DEG
DCK,protein_coding,ENSG00000156136,Mitochondrial energy production,No_kegg,control_cluster1,non core,non DEG
KCNS2,protein_coding,ENSG00000156486,No enriched GO,No_kegg,control_cluster1,non core,non DEG
NPTN,protein_coding,ENSG00000156642,No enriched GO,No_kegg,control_cluster1,non core,non DEG
BAG4,protein_coding,ENSG00000156735,No enriched GO,No_kegg,control_cluster1,non core,non DEG
EIF4A2,protein_coding,ENSG00000156976,No enriched GO,No_kegg,control_cluster1,non core,non DEG
STEAP2,protein_coding,ENSG00000157214,No enriched GO,No_kegg,control_cluster1,core,non DEG
HTR5A,protein_coding,ENSG00000157219,No enriched GO,No_kegg,control_cluster1,non core,non DEG
ZFHX2-AS1,lncRNA,ENSG00000157306,No enriched GO,No_kegg,control_cluster1,non core,non DEG
TAB3,protein_coding,ENSG00000157625,No enriched GO,No_kegg,control_cluster1,non core,non DEG
AGAP1,protein_coding,ENSG00000157985,No enriched GO,No_kegg,control_cluster1,non core,non DEG
CUL4B,protein_coding,ENSG00000158290,No enriched GO,No_kegg,control_cluster1,non core,non DEG
GPRASP2,protein_coding,ENSG00000158301,No enriched GO,No_kegg,control_cluster1,non core,Down-regulated
RHBDL2,protein_coding,ENSG00000158315,No enriched GO,No_kegg,control_cluster1,non core,non DEG
CDC42SE2,protein_coding,ENSG00000158985,No enriched GO,No_kegg,control_cluster1,non core,non DEG
SYNJ1,protein_coding,ENSG00000159082,No enriched GO,No_kegg,control_cluster1,non core,non DEG
PSKH1,protein_coding,ENSG00000159792,No enriched GO,No_kegg,control_cluster1,non core,non DEG
VMA21,protein_coding,ENSG00000160131,No enriched GO,No_kegg,control_cluster1,non core,non DEG
ADAMTS13,protein_coding,ENSG00000160323,No enriched GO,No_kegg,control_cluster1,non core,non DEG
ZNF394,protein_coding,ENSG00000160908,No enriched GO,No_kegg,control_cluster1,non core,non DEG
MAML1,protein_coding,ENSG00000161021,No enriched GO,No_kegg,control_cluster1,non core,non DEG
PSMC2,protein_coding,ENSG00000161057,No enriched GO,kegg,control_cluster1,non core,non DEG
DBF4B,protein_coding,ENSG00000161692,No enriched GO,No_kegg,control_cluster1,non core,non DEG
SAXO4,protein_coding,ENSG00000162148,No enriched GO,No_kegg,control_cluster1,non core,non DEG
ZYG11B,protein_coding,ENSG00000162378,No enriched GO,No_kegg,control_cluster1,non core,non DEG
TSSK3,protein_coding,ENSG00000162526,No enriched GO,No_kegg,control_cluster1,non core,non DEG
B3GALT2,protein_coding,ENSG00000162630,No enriched GO,No_kegg,control_cluster1,non core,non DEG
EEIG2,protein_coding,ENSG00000162636,No enriched GO,No_kegg,control_cluster1,non core,non DEG
HENMT1,protein_coding,ENSG00000162639,No enriched GO,No_kegg,control_cluster1,non core,non DEG
C1orf74,protein_coding,ENSG00000162757,No enriched GO,No_kegg,control_cluster1,non core,non DEG
SNED1,protein_coding,ENSG00000162804,No enriched GO,No_kegg,control_cluster1,non core,non DEG
CFAP36,protein_coding,ENSG00000163001,No enriched GO,No_kegg,control_cluster1,non core,non DEG
MRPS18C,protein_coding,ENSG00000163319,No enriched GO,No_kegg,control_cluster1,non core,non DEG
GPR155,protein_coding,ENSG00000163328,No enriched GO,No_kegg,control_cluster1,non core,non DEG
TMEM183A,protein_coding,ENSG00000163444,No enriched GO,No_kegg,control_cluster1,non core,non DEG
SERPINI1,protein_coding,ENSG00000163536,No enriched GO,No_kegg,control_cluster1,non core,non DEG
SUCLG1,protein_coding,ENSG00000163541,Mitochondrial energy production,No_kegg,control_cluster1,non core,non DEG
COX18,protein_coding,ENSG00000163626,No enriched GO,No_kegg,control_cluster1,non core,non DEG
PSMD6,protein_coding,ENSG00000163636,No enriched GO,kegg,control_cluster1,non core,non DEG
GMPS,protein_coding,ENSG00000163655,Mitochondrial energy production,No_kegg,control_cluster1,non core,non DEG
MTMR14,protein_coding,ENSG00000163719,No enriched GO,No_kegg,control_cluster1,non core,non DEG
TOPBP1,protein_coding,ENSG00000163781,No enriched GO,No_kegg,control_cluster1,non core,non DEG
LZTFL1,protein_coding,ENSG00000163818,No enriched GO,No_kegg,control_cluster1,core,non DEG
MEAF6,protein_coding,ENSG00000163875,No enriched GO,No_kegg,control_cluster1,non core,non DEG
GNL3,protein_coding,ENSG00000163938,No enriched GO,No_kegg,control_cluster1,non core,non DEG
DNAJB14,protein_coding,ENSG00000164031,No enriched GO,No_kegg,control_cluster1,core,non DEG
H2AZ1,protein_coding,ENSG00000164032,No enriched GO,No_kegg,control_cluster1,non core,non DEG
MAD2L1,protein_coding,ENSG00000164109,No enriched GO,No_kegg,control_cluster1,non core,non DEG
SMIM43,protein_coding,ENSG00000164112,No enriched GO,No_kegg,control_cluster1,non core,non DEG
GUCY1A1,protein_coding,ENSG00000164116,Mitochondrial energy production,No_kegg,control_cluster1,non core,non DEG
ABCE1,protein_coding,ENSG00000164163,No enriched GO,No_kegg,control_cluster1,non core,non DEG
MOCS2,protein_coding,ENSG00000164172,No enriched GO,No_kegg,control_cluster1,non core,non DEG
LMBRD2,protein_coding,ENSG00000164187,No enriched GO,No_kegg,control_cluster1,non core,non DEG
SLC25A46,protein_coding,ENSG00000164209,No enriched GO,No_kegg,control_cluster1,core,non DEG
AGGF1,protein_coding,ENSG00000164252,No enriched GO,No_kegg,control_cluster1,non core,non DEG
UBLCP1,protein_coding,ENSG00000164332,No enriched GO,No_kegg,control_cluster1,non core,Down-regulated
NSA2,protein_coding,ENSG00000164346,No enriched GO,No_kegg,control_cluster1,non core,non DEG
DCBLD1,protein_coding,ENSG00000164465,No enriched GO,No_kegg,control_cluster1,non core,non DEG
SFXN1,protein_coding,ENSG00000164466,No enriched GO,No_kegg,control_cluster1,non core,non DEG
ZNF12,protein_coding,ENSG00000164631,No enriched GO,No_kegg,control_cluster1,non core,non DEG
KCNV1,protein_coding,ENSG00000164794,No enriched GO,No_kegg,control_cluster1,non core,Down-regulated
PDP1,protein_coding,ENSG00000164951,No enriched GO,No_kegg,control_cluster1,non core,non DEG
PSIP1,protein_coding,ENSG00000164985,No enriched GO,No_kegg,control_cluster1,non core,non DEG
DIRAS2,protein_coding,ENSG00000165023,No enriched GO,No_kegg,control_cluster1,non core,non DEG
DYNLT3,protein_coding,ENSG00000165169,No enriched GO,No_kegg,control_cluster1,non core,Down-regulated
NDUFB6,protein_coding,ENSG00000165264,Mitochondrial energy production,kegg,control_cluster1,non core,non DEG
GTF2A1,protein_coding,ENSG00000165417,No enriched GO,No_kegg,control_cluster1,non core,non DEG
PGM2L1,protein_coding,ENSG00000165434,No enriched GO,No_kegg,control_cluster1,non core,Down-regulated
KLHDC2,protein_coding,ENSG00000165516,No enriched GO,No_kegg,control_cluster1,non core,non DEG
ATP5F1C,protein_coding,ENSG00000165629,Mitochondrial energy production,kegg,control_cluster1,non core,non DEG
VDAC2,protein_coding,ENSG00000165637,Apoptosis,kegg,control_cluster1,non core,non DEG
GHITM,protein_coding,ENSG00000165678,"Apoptosis,Mitochondrial energy production",No_kegg,control_cluster1,non core,non DEG
TRUB1,protein_coding,ENSG00000165832,No enriched GO,No_kegg,control_cluster1,core,non DEG
UBTD1,protein_coding,ENSG00000165886,No enriched GO,No_kegg,control_cluster1,non core,non DEG
MOAP1,protein_coding,ENSG00000165943,Apoptosis,No_kegg,control_cluster1,non core,non DEG
PTER,protein_coding,ENSG00000165983,No enriched GO,No_kegg,control_cluster1,non core,non DEG
DEPDC4,protein_coding,ENSG00000166153,No enriched GO,No_kegg,control_cluster1,non core,non DEG
COPS2,protein_coding,ENSG00000166200,No enriched GO,No_kegg,control_cluster1,non core,non DEG
CCT2,protein_coding,ENSG00000166226,No enriched GO,No_kegg,control_cluster1,non core,non DEG
COX11,protein_coding,ENSG00000166260,Mitochondrial energy production,No_kegg,control_cluster1,non core,non DEG
WBP1L,protein_coding,ENSG00000166272,No enriched GO,No_kegg,control_cluster1,non core,non DEG
BORCS7,protein_coding,ENSG00000166275,No enriched GO,No_kegg,control_cluster1,non core,non DEG
GARRE1,protein_coding,ENSG00000166398,No enriched GO,No_kegg,control_cluster1,non core,non DEG
ATMIN,protein_coding,ENSG00000166454,No enriched GO,No_kegg,control_cluster1,non core,non DEG
HDGFL3,protein_coding,ENSG00000166503,No enriched GO,No_kegg,control_cluster1,non core,non DEG
BEX3,protein_coding,ENSG00000166681,No enriched GO,No_kegg,control_cluster1,non core,Down-regulated
AP1G1,protein_coding,ENSG00000166747,No enriched GO,No_kegg,control_cluster1,non core,non DEG
DCTN5,protein_coding,ENSG00000166847,No enriched GO,No_kegg,control_cluster1,non core,non DEG
SCG5,protein_coding,ENSG00000166922,No enriched GO,No_kegg,control_cluster1,non core,Down-regulated
CCNDBP1,protein_coding,ENSG00000166946,No enriched GO,No_kegg,control_cluster1,non core,non DEG
NUDT21,protein_coding,ENSG00000167005,No enriched GO,No_kegg,control_cluster1,non core,non DEG
RRM1,protein_coding,ENSG00000167325,Mitochondrial energy production,No_kegg,control_cluster1,non core,non DEG
NIBAN3,protein_coding,ENSG00000167483,No enriched GO,No_kegg,control_cluster1,non core,non DEG
DNASE1L2,protein_coding,ENSG00000167968,No enriched GO,No_kegg,control_cluster1,non core,non DEG
ZNF597,protein_coding,ENSG00000167981,No enriched GO,No_kegg,control_cluster1,non core,non DEG
PAFAH1B2,protein_coding,ENSG00000168092,No enriched GO,No_kegg,control_cluster1,non core,non DEG
POLR2J3,protein_coding,ENSG00000168255,No enriched GO,No_kegg,control_cluster1,non core,non DEG
MMADHC,protein_coding,ENSG00000168288,No enriched GO,No_kegg,control_cluster1,non core,non DEG
PDHB,protein_coding,ENSG00000168291,Mitochondrial energy production,No_kegg,control_cluster1,non core,non DEG
COG7,protein_coding,ENSG00000168434,No enriched GO,No_kegg,control_cluster1,non core,non DEG
MFF,protein_coding,ENSG00000168958,Apoptosis,No_kegg,control_cluster1,non core,non DEG
JMJD7-PLA2G4B,protein_coding,ENSG00000168970,No enriched GO,No_kegg,control_cluster1,non core,non DEG
FEM1B,protein_coding,ENSG00000169018,No enriched GO,No_kegg,control_cluster1,non core,non DEG
DHRSX,protein_coding,ENSG00000169084,No enriched GO,No_kegg,control_cluster1,non core,non DEG
PARM1,protein_coding,ENSG00000169116,No enriched GO,No_kegg,control_cluster1,non core,non DEG
B3GALNT1,protein_coding,ENSG00000169255,No enriched GO,No_kegg,control_cluster1,non core,non DEG
HINT1,protein_coding,ENSG00000169567,Mitochondrial energy production,No_kegg,control_cluster1,non core,non DEG
RAMAC,protein_coding,ENSG00000169612,No enriched GO,No_kegg,control_cluster1,non core,non DEG
UGP2,protein_coding,ENSG00000169764,Mitochondrial energy production,No_kegg,control_cluster1,non core,non DEG
GUSB,protein_coding,ENSG00000169919,No enriched GO,No_kegg,control_cluster1,non core,non DEG
SPDYE5,protein_coding,ENSG00000170092,Others,No_kegg,control_cluster1,non core,non DEG
VSTM2A,protein_coding,ENSG00000170419,No enriched GO,No_kegg,control_cluster1,non core,non DEG
SLC26A5,protein_coding,ENSG00000170615,No enriched GO,No_kegg,control_cluster1,non core,non DEG
SDR16C5,protein_coding,ENSG00000170786,No enriched GO,No_kegg,control_cluster1,non core,non DEG
CHCHD7,protein_coding,ENSG00000170791,No enriched GO,No_kegg,control_cluster1,non core,Down-regulated
TPT1-AS1,lncRNA,ENSG00000170919,Others,No_kegg,control_cluster1,non core,non DEG
PKIA,protein_coding,ENSG00000171033,No enriched GO,No_kegg,control_cluster1,non core,non DEG
TSNARE1,protein_coding,ENSG00000171045,No enriched GO,No_kegg,control_cluster1,non core,non DEG
FEZ2,protein_coding,ENSG00000171055,No enriched GO,No_kegg,control_cluster1,non core,non DEG
TMEM126A,protein_coding,ENSG00000171202,No enriched GO,No_kegg,control_cluster1,non core,non DEG
TMEM126B,protein_coding,ENSG00000171204,No enriched GO,No_kegg,control_cluster1,non core,non DEG
SOSTDC1,protein_coding,ENSG00000171243,No enriched GO,No_kegg,control_cluster1,non core,non DEG
HOPX,protein_coding,ENSG00000171476,No enriched GO,No_kegg,control_cluster1,non core,non DEG
TMEM51,protein_coding,ENSG00000171729,No enriched GO,No_kegg,control_cluster1,non core,non DEG
RASGRP4,protein_coding,ENSG00000171777,No enriched GO,No_kegg,control_cluster1,non core,non DEG
GPR22,protein_coding,ENSG00000172209,No enriched GO,No_kegg,control_cluster1,core,non DEG
PAIP1,protein_coding,ENSG00000172239,No enriched GO,No_kegg,control_cluster1,non core,non DEG
TCEAL1,protein_coding,ENSG00000172465,No enriched GO,No_kegg,control_cluster1,non core,non DEG
RAD9A,protein_coding,ENSG00000172613,No enriched GO,No_kegg,control_cluster1,non core,non DEG
ZMAT3,protein_coding,ENSG00000172667,No enriched GO,No_kegg,control_cluster1,non core,non DEG
DCP2,protein_coding,ENSG00000172795,No enriched GO,No_kegg,control_cluster1,non core,non DEG
FAM222B,protein_coding,ENSG00000173065,No enriched GO,No_kegg,control_cluster1,non core,non DEG
ZNF483,protein_coding,ENSG00000173258,No enriched GO,No_kegg,control_cluster1,non core,non DEG
NUDT4,protein_coding,ENSG00000173598,Mitochondrial energy production,No_kegg,control_cluster1,non core,non DEG
UQCRH,protein_coding,ENSG00000173660,Mitochondrial energy production,kegg,control_cluster1,non core,Down-regulated
EIF1AX,protein_coding,ENSG00000173674,No enriched GO,No_kegg,control_cluster1,non core,non DEG
SPDYE2B,protein_coding,ENSG00000173678,Others,No_kegg,control_cluster1,non core,non DEG
PSMD1,protein_coding,ENSG00000173692,No enriched GO,kegg,control_cluster1,non core,non DEG
RNF213,protein_coding,ENSG00000173821,No enriched GO,No_kegg,control_cluster1,non core,non DEG
FAM174A,protein_coding,ENSG00000174132,No enriched GO,No_kegg,control_cluster1,non core,non DEG
TRMT10C,protein_coding,ENSG00000174173,No enriched GO,No_kegg,control_cluster1,non core,non DEG
LIG4,protein_coding,ENSG00000174405,No enriched GO,No_kegg,control_cluster1,non core,non DEG
NR1D2,protein_coding,ENSG00000174738,No enriched GO,No_kegg,control_cluster1,non core,non DEG
VCPIP1,protein_coding,ENSG00000175073,No enriched GO,No_kegg,control_cluster1,non core,non DEG
PDIK1L,protein_coding,ENSG00000175087,No enriched GO,No_kegg,control_cluster1,non core,non DEG
UCP3,protein_coding,ENSG00000175564,No enriched GO,No_kegg,control_cluster1,non core,non DEG
TMEM70,protein_coding,ENSG00000175606,No enriched GO,No_kegg,control_cluster1,non core,non DEG
MLXIP,protein_coding,ENSG00000175727,No enriched GO,No_kegg,control_cluster1,non core,non DEG
CREG2,protein_coding,ENSG00000175874,No enriched GO,No_kegg,control_cluster1,non core,non DEG
MBLAC2,protein_coding,ENSG00000176055,No enriched GO,No_kegg,control_cluster1,non core,non DEG
BNIP3,protein_coding,ENSG00000176171,"Apoptosis,Mitochondrial energy production",No_kegg,control_cluster1,non core,non DEG
SMIM19,protein_coding,ENSG00000176209,No enriched GO,No_kegg,control_cluster1,non core,non DEG
ACSF3,protein_coding,ENSG00000176715,Mitochondrial energy production,No_kegg,control_cluster1,non core,non DEG
RUFY1,protein_coding,ENSG00000176783,No enriched GO,No_kegg,control_cluster1,non core,non DEG
WDR73,protein_coding,ENSG00000177082,No enriched GO,No_kegg,control_cluster1,non core,non DEG
NAP1L5,protein_coding,ENSG00000177432,No enriched GO,No_kegg,control_cluster1,non core,Down-regulated
HNRNPA0,protein_coding,ENSG00000177733,No enriched GO,No_kegg,control_cluster1,non core,non DEG
UBE2N,protein_coding,ENSG00000177889,No enriched GO,No_kegg,control_cluster1,non core,non DEG
C2orf69,protein_coding,ENSG00000178074,Mitochondrial energy production,No_kegg,control_cluster1,non core,non DEG
NDUFV2,protein_coding,ENSG00000178127,Mitochondrial energy production,kegg,control_cluster1,non core,non DEG
ZNF518B,protein_coding,ENSG00000178163,No enriched GO,No_kegg,control_cluster1,non core,non DEG
TMPRSS9,protein_coding,ENSG00000178297,No enriched GO,No_kegg,control_cluster1,non core,non DEG
KLHL11,protein_coding,ENSG00000178502,No enriched GO,No_kegg,control_cluster1,non core,non DEG
EPM2AIP1,protein_coding,ENSG00000178567,Mitochondrial energy production,No_kegg,control_cluster1,non core,non DEG
GPR35,protein_coding,ENSG00000178623,No enriched GO,No_kegg,control_cluster1,non core,non DEG
ADORA2A-AS1,lncRNA,ENSG00000178803,No enriched GO,No_kegg,control_cluster1,non core,non DEG
TAF7,protein_coding,ENSG00000178913,No enriched GO,No_kegg,control_cluster1,non core,non DEG
ZNF552,protein_coding,ENSG00000178935,No enriched GO,No_kegg,control_cluster1,non core,non DEG
ERICH3,protein_coding,ENSG00000178965,No enriched GO,No_kegg,control_cluster1,non core,non DEG
SLITRK4,protein_coding,ENSG00000179542,No enriched GO,No_kegg,control_cluster1,non core,non DEG
ZFPM1,protein_coding,ENSG00000179588,No enriched GO,No_kegg,control_cluster1,non core,non DEG
AKAP5,protein_coding,ENSG00000179841,No enriched GO,No_kegg,control_cluster1,non core,non DEG
C3orf80,protein_coding,ENSG00000180044,No enriched GO,No_kegg,control_cluster1,non core,Down-regulated
CCDC43,protein_coding,ENSG00000180329,No enriched GO,No_kegg,control_cluster1,non core,non DEG
MEIOC,protein_coding,ENSG00000180336,No enriched GO,No_kegg,control_cluster1,non core,non DEG
MIGA1,protein_coding,ENSG00000180488,No enriched GO,No_kegg,control_cluster1,non core,non DEG
DIP2C-AS1,lncRNA,ENSG00000180525,No enriched GO,No_kegg,control_cluster1,non core,non DEG
PPA1,protein_coding,ENSG00000180817,No enriched GO,No_kegg,control_cluster1,non core,non DEG
BBS12,protein_coding,ENSG00000181004,No enriched GO,No_kegg,control_cluster1,non core,non DEG
HIGD1A,protein_coding,ENSG00000181061,No enriched GO,No_kegg,control_cluster1,non core,non DEG
EHMT1,protein_coding,ENSG00000181090,No enriched GO,No_kegg,control_cluster1,non core,non DEG
WASHC1,protein_coding,ENSG00000181404,No enriched GO,No_kegg,control_cluster1,non core,non DEG
ATP6AP2,protein_coding,ENSG00000182220,"intracellular trafficking,Synapse signaling",No_kegg,control_cluster1,non core,non DEG
PGBD4,protein_coding,ENSG00000182405,No enriched GO,No_kegg,control_cluster1,non core,non DEG
NGRN,protein_coding,ENSG00000182768,No enriched GO,No_kegg,control_cluster1,non core,non DEG
HAPSTR1,protein_coding,ENSG00000182831,No enriched GO,No_kegg,control_cluster1,non core,non DEG
TCEAL7,protein_coding,ENSG00000182916,No enriched GO,No_kegg,control_cluster1,non core,Down-regulated
,lncRNA,ENSG00000183308,No enriched GO,No_kegg,control_cluster1,non core,non DEG
SF3A3,protein_coding,ENSG00000183431,No enriched GO,No_kegg,control_cluster1,non core,non DEG
PSMG1,protein_coding,ENSG00000183527,No enriched GO,No_kegg,control_cluster1,non core,Down-regulated
PPP1R2,protein_coding,ENSG00000184203,Mitochondrial energy production,No_kegg,control_cluster1,non core,Down-regulated
ZFP1,protein_coding,ENSG00000184517,No enriched GO,No_kegg,control_cluster1,non core,non DEG
TMEM106A,protein_coding,ENSG00000184988,No enriched GO,No_kegg,control_cluster1,non core,non DEG
SEMA4B,protein_coding,ENSG00000185033,No enriched GO,No_kegg,control_cluster1,non core,non DEG
SPDYE16,protein_coding,ENSG00000185040,Others,No_kegg,control_cluster1,non core,non DEG
STAC3,protein_coding,ENSG00000185482,No enriched GO,No_kegg,control_cluster1,non core,non DEG
SV2B,protein_coding,ENSG00000185518,No enriched GO,No_kegg,control_cluster1,non core,non DEG
C11orf87,protein_coding,ENSG00000185742,No enriched GO,No_kegg,control_cluster1,non core,Down-regulated
IFIT1,protein_coding,ENSG00000185745,No enriched GO,No_kegg,control_cluster1,non core,non DEG
MORF4L1,protein_coding,ENSG00000185787,No enriched GO,No_kegg,control_cluster1,non core,non DEG
THNSL1,protein_coding,ENSG00000185875,No enriched GO,No_kegg,control_cluster1,non core,non DEG
ANKRD46,protein_coding,ENSG00000186106,No enriched GO,No_kegg,control_cluster1,non core,non DEG
NAP1L3,protein_coding,ENSG00000186310,No enriched GO,No_kegg,control_cluster1,non core,non DEG
SPATC1,protein_coding,ENSG00000186583,No enriched GO,No_kegg,control_cluster1,non core,non DEG
LYRM7,protein_coding,ENSG00000186687,Mitochondrial energy production,No_kegg,control_cluster1,non core,non DEG
TMEM17,protein_coding,ENSG00000186889,No enriched GO,No_kegg,control_cluster1,non core,non DEG
CCK,protein_coding,ENSG00000187094,No enriched GO,No_kegg,control_cluster1,non core,non DEG
IFT140,protein_coding,ENSG00000187535,No enriched GO,No_kegg,control_cluster1,non core,non DEG
MAGEH1,protein_coding,ENSG00000187601,No enriched GO,No_kegg,control_cluster1,non core,non DEG
EXD3,protein_coding,ENSG00000187609,No enriched GO,No_kegg,control_cluster1,non core,non DEG
JAKMIP3,protein_coding,ENSG00000188385,No enriched GO,No_kegg,control_cluster1,non core,non DEG
PAQR9,protein_coding,ENSG00000188582,No enriched GO,No_kegg,control_cluster1,non core,non DEG
MTF1,protein_coding,ENSG00000188786,No enriched GO,No_kegg,control_cluster1,non core,non DEG
NDUFA4,protein_coding,ENSG00000189043,Mitochondrial energy production,kegg,control_cluster1,non core,Down-regulated
BTBD8,protein_coding,ENSG00000189195,No enriched GO,No_kegg,control_cluster1,core,non DEG
FAM53B,protein_coding,ENSG00000189319,No enriched GO,No_kegg,control_cluster1,non core,non DEG
KIAA0408,protein_coding,ENSG00000189367,No enriched GO,No_kegg,control_cluster1,non core,non DEG
BLOC1S2,protein_coding,ENSG00000196072,Apoptosis,No_kegg,control_cluster1,non core,non DEG
FAM217B,protein_coding,ENSG00000196227,No enriched GO,No_kegg,control_cluster1,non core,non DEG
NIF3L1,protein_coding,ENSG00000196290,No enriched GO,No_kegg,control_cluster1,non core,non DEG
IARS1,protein_coding,ENSG00000196305,No enriched GO,No_kegg,control_cluster1,non core,non DEG
CD47,protein_coding,ENSG00000196776,No enriched GO,No_kegg,control_cluster1,core,non DEG
MVB12B,protein_coding,ENSG00000196814,No enriched GO,No_kegg,control_cluster1,non core,non DEG
FAM3C,protein_coding,ENSG00000196937,No enriched GO,No_kegg,control_cluster1,non core,non DEG
SLC39A10,protein_coding,ENSG00000196950,No enriched GO,kegg,control_cluster1,core,Down-regulated
SLC25A29,protein_coding,ENSG00000197119,No enriched GO,No_kegg,control_cluster1,non core,non DEG
PSMD12,protein_coding,ENSG00000197170,No enriched GO,kegg,control_cluster1,non core,non DEG
MIRLET7BHG,lncRNA,ENSG00000197182,No enriched GO,No_kegg,control_cluster1,non core,non DEG
NOL4L,protein_coding,ENSG00000197183,No enriched GO,No_kegg,control_cluster1,non core,non DEG
ENTPD4,protein_coding,ENSG00000197217,Mitochondrial energy production,No_kegg,control_cluster1,non core,non DEG
MYO5A,protein_coding,ENSG00000197535,No enriched GO,No_kegg,control_cluster1,non core,non DEG
,lncRNA,ENSG00000197813,No enriched GO,No_kegg,control_cluster1,non core,non DEG
SGTB,protein_coding,ENSG00000197860,No enriched GO,No_kegg,control_cluster1,non core,non DEG
ERO1A,protein_coding,ENSG00000197930,No enriched GO,No_kegg,control_cluster1,non core,non DEG
,protein_coding,ENSG00000197991,No enriched GO,No_kegg,control_cluster1,non core,Down-regulated
MRPL42,protein_coding,ENSG00000198015,No enriched GO,No_kegg,control_cluster1,non core,non DEG
SVIP,protein_coding,ENSG00000198168,No enriched GO,No_kegg,control_cluster1,non core,non DEG
SLC29A3,protein_coding,ENSG00000198246,No enriched GO,No_kegg,control_cluster1,non core,non DEG
SDAD1,protein_coding,ENSG00000198301,No enriched GO,No_kegg,control_cluster1,non core,non DEG
ZXDB,protein_coding,ENSG00000198455,No enriched GO,No_kegg,control_cluster1,non core,non DEG
ZNF587,protein_coding,ENSG00000198466,No enriched GO,No_kegg,control_cluster1,non core,non DEG
NBR2,lncRNA,ENSG00000198496,No enriched GO,No_kegg,control_cluster1,non core,non DEG
ARMH1,protein_coding,ENSG00000198520,No enriched GO,No_kegg,control_cluster1,non core,non DEG
GPN1,protein_coding,ENSG00000198522,No enriched GO,No_kegg,control_cluster1,non core,non DEG
ZNF789,protein_coding,ENSG00000198556,No enriched GO,No_kegg,control_cluster1,non core,non DEG
COPS8,protein_coding,ENSG00000198612,No enriched GO,No_kegg,control_cluster1,non core,non DEG
SLC9A6,protein_coding,ENSG00000198689,No enriched GO,No_kegg,control_cluster1,non core,non DEG
CNOT7,protein_coding,ENSG00000198791,No enriched GO,No_kegg,control_cluster1,non core,non DEG
INPP5F,protein_coding,ENSG00000198825,No enriched GO,No_kegg,control_cluster1,non core,non DEG
OPA1,protein_coding,ENSG00000198836,"Apoptosis,Mitochondrial energy production",No_kegg,control_cluster1,core,non DEG
SELENOT,protein_coding,ENSG00000198843,No enriched GO,No_kegg,control_cluster1,non core,non DEG
CAPZA2,protein_coding,ENSG00000198898,No enriched GO,No_kegg,control_cluster1,non core,non DEG
DCLRE1A,protein_coding,ENSG00000198924,No enriched GO,No_kegg,control_cluster1,non core,non DEG
PJA2,protein_coding,ENSG00000198961,No enriched GO,No_kegg,control_cluster1,non core,non DEG
CHML,protein_coding,ENSG00000203668,No enriched GO,No_kegg,control_cluster1,non core,Down-regulated
INPP5B,protein_coding,ENSG00000204084,No enriched GO,No_kegg,control_cluster1,non core,non DEG
PHACTR4,protein_coding,ENSG00000204138,No enriched GO,No_kegg,control_cluster1,non core,non DEG
ZNF814,protein_coding,ENSG00000204514,No enriched GO,No_kegg,control_cluster1,non core,non DEG
MZT1,protein_coding,ENSG00000204899,No enriched GO,No_kegg,control_cluster1,non core,non DEG
ZNF783,protein_coding,ENSG00000204946,No enriched GO,No_kegg,control_cluster1,non core,non DEG
SLC35B4,protein_coding,ENSG00000205060,No enriched GO,No_kegg,control_cluster1,non core,non DEG
SPDYE2,protein_coding,ENSG00000205238,Others,No_kegg,control_cluster1,non core,non DEG
TMEM170B,protein_coding,ENSG00000205269,No enriched GO,No_kegg,control_cluster1,non core,non DEG
SPDYE18,protein_coding,ENSG00000205482,Others,No_kegg,control_cluster1,non core,non DEG
DPF3,protein_coding,ENSG00000205683,No enriched GO,No_kegg,control_cluster1,non core,non DEG
ETFRF1,protein_coding,ENSG00000205707,Mitochondrial energy production,No_kegg,control_cluster1,non core,non DEG
PLPP6,protein_coding,ENSG00000205808,No enriched GO,No_kegg,control_cluster1,non core,non DEG
DNAJC19,protein_coding,ENSG00000205981,No enriched GO,No_kegg,control_cluster1,non core,non DEG
ANKUB1,protein_coding,ENSG00000206199,No enriched GO,No_kegg,control_cluster1,core,non DEG
TMEM200C,protein_coding,ENSG00000206432,No enriched GO,No_kegg,control_cluster1,non core,non DEG
MAP10,protein_coding,ENSG00000212916,No enriched GO,No_kegg,control_cluster1,non core,non DEG
KRT222,protein_coding,ENSG00000213424,No enriched GO,No_kegg,control_cluster1,non core,non DEG
VDAC1,protein_coding,ENSG00000213585,No enriched GO,kegg,control_cluster1,non core,non DEG
GCC2-AS1,lncRNA,ENSG00000214184,No enriched GO,No_kegg,control_cluster1,non core,non DEG
PPME1,protein_coding,ENSG00000214517,No enriched GO,No_kegg,control_cluster1,non core,non DEG
POLR2J4,lncRNA,ENSG00000214783,"Mitochondrial energy production,No enriched GO",No_kegg,control_cluster1,core,non DEG
GRID2IP,protein_coding,ENSG00000215045,No enriched GO,No_kegg,control_cluster1,non core,non DEG
HTR5A-AS1,lncRNA,ENSG00000220575,No enriched GO,No_kegg,control_cluster1,non core,non DEG
PPP3R1,protein_coding,ENSG00000221823,No enriched GO,kegg,control_cluster1,non core,non DEG
LINC01357,lncRNA,ENSG00000224167,Apoptosis,No_kegg,control_cluster1,non core,non DEG
SMIM13,protein_coding,ENSG00000224531,No enriched GO,No_kegg,control_cluster1,non core,non DEG
CSRP1-AS1,lncRNA,ENSG00000224536,No enriched GO,No_kegg,control_cluster1,non core,non DEG
,lncRNA,ENSG00000224645,No enriched GO,No_kegg,control_cluster1,non core,non DEG
PLEKHM1,protein_coding,ENSG00000225190,No enriched GO,No_kegg,control_cluster1,non core,non DEG
NRSN2-AS1,lncRNA,ENSG00000225377,No enriched GO,No_kegg,control_cluster1,non core,non DEG
SNX10-AS1,lncRNA,ENSG00000225792,"Apoptosis,Mitochondrial energy production,No enriched GO",No_kegg,control_cluster1,non core,non DEG
NOL7,protein_coding,ENSG00000225921,No enriched GO,No_kegg,control_cluster1,non core,non DEG
RWDD3-DT,lncRNA,ENSG00000226026,No enriched GO,No_kegg,control_cluster1,non core,non DEG
LINC01772,lncRNA,ENSG00000226029,No enriched GO,No_kegg,control_cluster1,non core,non DEG
TEX22,protein_coding,ENSG00000226174,No enriched GO,No_kegg,control_cluster1,non core,non DEG
SLC16A1-AS1,lncRNA,ENSG00000226419,Apoptosis,No_kegg,control_cluster1,non core,non DEG
,lncRNA,ENSG00000226824,No enriched GO,No_kegg,control_cluster1,non core,non DEG
LINC00511,lncRNA,ENSG00000227036,No enriched GO,No_kegg,control_cluster1,non core,non DEG
CERS6-AS1,lncRNA,ENSG00000227617,No enriched GO,No_kegg,control_cluster1,non core,non DEG
POLR2J2,protein_coding,ENSG00000228049,No enriched GO,No_kegg,control_cluster1,non core,non DEG
,lncRNA,ENSG00000228302,Apoptosis,No_kegg,control_cluster1,non core,non DEG
GUSBP11,lncRNA,ENSG00000228315,No enriched GO,No_kegg,control_cluster1,non core,non DEG
TTC3-AS1,lncRNA,ENSG00000228677,No enriched GO,No_kegg,control_cluster1,non core,non DEG
,lncRNA,ENSG00000229047,No enriched GO,No_kegg,control_cluster1,non core,non DEG
,lncRNA,ENSG00000230325,No enriched GO,No_kegg,control_cluster1,non core,non DEG
SPDYE21,protein_coding,ENSG00000230358,Others,No_kegg,control_cluster1,non core,non DEG
THAP7-AS1,lncRNA,ENSG00000230513,No enriched GO,No_kegg,control_cluster1,non core,non DEG
,lncRNA,ENSG00000230612,No enriched GO,No_kegg,control_cluster1,non core,non DEG
,lncRNA,ENSG00000231295,No enriched GO,No_kegg,control_cluster1,non core,non DEG
,lncRNA,ENSG00000231760,"intracellular trafficking,Others,Synapse signaling",No_kegg,control_cluster1,non core,non DEG
IPO9-AS1,lncRNA,ENSG00000231871,No enriched GO,No_kegg,control_cluster1,non core,non DEG
LRRC8C-DT,lncRNA,ENSG00000231999,No enriched GO,No_kegg,control_cluster1,non core,non DEG
IDI2-AS1,lncRNA,ENSG00000232656,No enriched GO,No_kegg,control_cluster1,non core,non DEG
HSPA12A-AS1,lncRNA,ENSG00000232767,No enriched GO,No_kegg,control_cluster1,non core,non DEG
KIFAP3-AS1,lncRNA,ENSG00000232959,No enriched GO,No_kegg,control_cluster1,non core,non DEG
SLC26A4-AS1,lncRNA,ENSG00000233705,No enriched GO,No_kegg,control_cluster1,non core,non DEG
,lncRNA,ENSG00000233912,"No enriched GO,Others",No_kegg,control_cluster1,non core,non DEG
NPIPB2,protein_coding,ENSG00000234719,No enriched GO,No_kegg,control_cluster1,non core,non DEG
MYCBP2-AS1,lncRNA,ENSG00000236051,"Apoptosis,intracellular trafficking,Mitochondrial energy production,No enriched GO,Synapse signaling",No_kegg,control_cluster1,core,non DEG
,lncRNA,ENSG00000236498,intracellular trafficking,No_kegg,control_cluster1,non core,non DEG
ELOA-AS1,lncRNA,ENSG00000236810,No enriched GO,No_kegg,control_cluster1,non core,non DEG
LINC00106,lncRNA,ENSG00000236871,No enriched GO,No_kegg,control_cluster1,non core,non DEG
,lncRNA,ENSG00000237481,No enriched GO,No_kegg,control_cluster1,non core,non DEG
,lncRNA,ENSG00000237633,"intracellular trafficking,Synapse signaling",No_kegg,control_cluster1,non core,Down-regulated
LRIG2-DT,lncRNA,ENSG00000238198,No enriched GO,No_kegg,control_cluster1,non core,non DEG
STPG4,protein_coding,ENSG00000239605,No enriched GO,No_kegg,control_cluster1,non core,non DEG
NME1,protein_coding,ENSG00000239672,Mitochondrial energy production,No_kegg,control_cluster1,non core,Down-regulated
,lncRNA,ENSG00000240553,No enriched GO,No_kegg,control_cluster1,non core,non DEG
PNMA2,protein_coding,ENSG00000240694,No enriched GO,No_kegg,control_cluster1,non core,non DEG
,lncRNA,ENSG00000240731,No enriched GO,No_kegg,control_cluster1,non core,non DEG
RDH14,protein_coding,ENSG00000240857,No enriched GO,No_kegg,control_cluster1,non core,non DEG
PLCXD2,protein_coding,ENSG00000240891,No enriched GO,No_kegg,control_cluster1,non core,non DEG
MICAL3,protein_coding,ENSG00000243156,No enriched GO,No_kegg,control_cluster1,non core,non DEG
,lncRNA,ENSG00000243305,No enriched GO,No_kegg,control_cluster1,non core,non DEG
,protein_coding,ENSG00000243696,No enriched GO,No_kegg,control_cluster1,non core,non DEG
PLA2G4B,protein_coding,ENSG00000243708,No enriched GO,No_kegg,control_cluster1,non core,non DEG
TMEM199,protein_coding,ENSG00000244045,intracellular trafficking,No_kegg,control_cluster1,non core,non DEG
MEF2C-AS2,lncRNA,ENSG00000245864,"Mitochondrial energy production,No enriched GO",No_kegg,control_cluster1,core,non DEG
TTBK2-AS1,lncRNA,ENSG00000246283,No enriched GO,No_kegg,control_cluster1,non core,non DEG
,lncRNA,ENSG00000246477,"intracellular trafficking,Synapse signaling",No_kegg,control_cluster1,non core,non DEG
UBL7-DT,lncRNA,ENSG00000247240,No enriched GO,No_kegg,control_cluster1,non core,non DEG
,lncRNA,ENSG00000247970,No enriched GO,No_kegg,control_cluster1,non core,non DEG
,lncRNA,ENSG00000248468,No enriched GO,No_kegg,control_cluster1,non core,non DEG
STIMATE-MUSTN1,protein_coding,ENSG00000248592,No enriched GO,No_kegg,control_cluster1,non core,non DEG
ADGRL3-AS1,lncRNA,ENSG00000248692,No enriched GO,No_kegg,control_cluster1,non core,non DEG
,lncRNA,ENSG00000248733,No enriched GO,No_kegg,control_cluster1,non core,non DEG
LNCBRM,lncRNA,ENSG00000249436,No enriched GO,No_kegg,control_cluster1,non core,non DEG
,lncRNA,ENSG00000249526,No enriched GO,No_kegg,control_cluster1,non core,non DEG
,lncRNA,ENSG00000249568,No enriched GO,No_kegg,control_cluster1,non core,non DEG
PCGF3-AS1,lncRNA,ENSG00000249592,No enriched GO,No_kegg,control_cluster1,non core,non DEG
ANKHD1-DT,lncRNA,ENSG00000249637,No enriched GO,No_kegg,control_cluster1,non core,non DEG
,protein_coding,ENSG00000250424,No enriched GO,No_kegg,control_cluster1,non core,non DEG
MAP9-AS1,lncRNA,ENSG00000250910,"Mitochondrial energy production,No enriched GO",No_kegg,control_cluster1,core,non DEG
LINC02482,lncRNA,ENSG00000251580,No enriched GO,No_kegg,control_cluster1,non core,non DEG
C8orf88,protein_coding,ENSG00000253250,No enriched GO,No_kegg,control_cluster1,non core,non DEG
ATXN7L3B,protein_coding,ENSG00000253719,No enriched GO,No_kegg,control_cluster1,non core,non DEG
OTUD6B-AS1,lncRNA,ENSG00000253738,No enriched GO,No_kegg,control_cluster1,non core,non DEG
,lncRNA,ENSG00000254317,"Apoptosis,Mitochondrial energy production,No enriched GO,Others",No_kegg,control_cluster1,non core,Down-regulated
,lncRNA,ENSG00000254433,"Apoptosis,intracellular trafficking,Mitochondrial energy production,No enriched GO,Others,Synapse signaling",No_kegg,control_cluster1,non core,non DEG
,protein_coding,ENSG00000254553,No enriched GO,No_kegg,control_cluster1,non core,non DEG
LIPT2-AS1,lncRNA,ENSG00000254837,No enriched GO,No_kegg,control_cluster1,non core,non DEG
SLC39A13-AS1,lncRNA,ENSG00000255197,No enriched GO,No_kegg,control_cluster1,non core,non DEG
,lncRNA,ENSG00000255448,No enriched GO,No_kegg,control_cluster1,non core,non DEG
,lncRNA,ENSG00000255467,No enriched GO,No_kegg,control_cluster1,non core,non DEG
,protein_coding,ENSG00000255639,No enriched GO,No_kegg,control_cluster1,non core,non DEG
,protein_coding,ENSG00000256029,No enriched GO,No_kegg,control_cluster1,non core,non DEG
,protein_coding,ENSG00000256206,No enriched GO,No_kegg,control_cluster1,non core,non DEG
,lncRNA,ENSG00000256512,No enriched GO,No_kegg,control_cluster1,non core,non DEG
,protein_coding,ENSG00000256591,No enriched GO,No_kegg,control_cluster1,non core,non DEG
KDM2B-DT,lncRNA,ENSG00000256742,No enriched GO,No_kegg,control_cluster1,non core,non DEG
,lncRNA,ENSG00000256824,No enriched GO,No_kegg,control_cluster1,non core,non DEG
,lncRNA,ENSG00000257894,No enriched GO,No_kegg,control_cluster1,non core,non DEG
CUX1,protein_coding,ENSG00000257923,No enriched GO,No_kegg,control_cluster1,non core,non DEG
,lncRNA,ENSG00000258302,Mitochondrial energy production,No_kegg,control_cluster1,non core,non DEG
,lncRNA,ENSG00000258782,No enriched GO,No_kegg,control_cluster1,non core,non DEG
,lncRNA,ENSG00000258903,intracellular trafficking,No_kegg,control_cluster1,non core,non DEG
,lncRNA,ENSG00000259049,No enriched GO,No_kegg,control_cluster1,non core,non DEG
,lncRNA,ENSG00000259623,No enriched GO,No_kegg,control_cluster1,non core,non DEG
,lncRNA,ENSG00000259668,No enriched GO,No_kegg,control_cluster1,non core,non DEG
,lncRNA,ENSG00000259712,"Apoptosis,intracellular trafficking,Mitochondrial energy production,No enriched GO,Others,Synapse signaling",No_kegg,control_cluster1,non core,non DEG
,lncRNA,ENSG00000259805,No enriched GO,No_kegg,control_cluster1,non core,non DEG
SPDYE6,protein_coding,ENSG00000260097,Others,No_kegg,control_cluster1,non core,non DEG
,protein_coding,ENSG00000260170,No enriched GO,No_kegg,control_cluster1,non core,non DEG
CDH13-AS2,lncRNA,ENSG00000260228,No enriched GO,No_kegg,control_cluster1,non core,Down-regulated
FRRS1L,protein_coding,ENSG00000260230,No enriched GO,No_kegg,control_cluster1,non core,non DEG
,lncRNA,ENSG00000260244,No enriched GO,No_kegg,control_cluster1,non core,non DEG
,lncRNA,ENSG00000260277,No enriched GO,No_kegg,control_cluster1,non core,non DEG
ITFG1-AS1,lncRNA,ENSG00000260281,"Apoptosis,intracellular trafficking,Mitochondrial energy production,No enriched GO,Others,Synapse signaling",No_kegg,control_cluster1,non core,Down-regulated
,lncRNA,ENSG00000260425,No enriched GO,No_kegg,control_cluster1,non core,non DEG
LMF1-AS1,lncRNA,ENSG00000260439,No enriched GO,No_kegg,control_cluster1,non core,non DEG
LCMT1-AS1,lncRNA,ENSG00000260448,No enriched GO,No_kegg,control_cluster1,non core,non DEG
,lncRNA,ENSG00000260608,No enriched GO,No_kegg,control_cluster1,non core,non DEG
,lncRNA,ENSG00000260616,Others,No_kegg,control_cluster1,non core,non DEG
,lncRNA,ENSG00000260686,No enriched GO,No_kegg,control_cluster1,non core,non DEG
LINC01963,lncRNA,ENSG00000260804,"Apoptosis,Synapse signaling",No_kegg,control_cluster1,non core,non DEG
,lncRNA,ENSG00000260911,No enriched GO,No_kegg,control_cluster1,non core,non DEG
,protein_coding,ENSG00000261147,No enriched GO,No_kegg,control_cluster1,non core,non DEG
TFIP11-DT,lncRNA,ENSG00000261188,No enriched GO,No_kegg,control_cluster1,non core,Down-regulated
,lncRNA,ENSG00000261292,No enriched GO,No_kegg,control_cluster1,non core,non DEG
LINC01616,lncRNA,ENSG00000261340,No enriched GO,No_kegg,control_cluster1,non core,non DEG
ISY1-RAB43,protein_coding,ENSG00000261796,No enriched GO,No_kegg,control_cluster1,non core,non DEG
MMP25-AS1,lncRNA,ENSG00000261971,No enriched GO,No_kegg,control_cluster1,non core,non DEG
,lncRNA,ENSG00000262879,No enriched GO,No_kegg,control_cluster1,non core,non DEG
,lncRNA,ENSG00000263033,No enriched GO,No_kegg,control_cluster1,non core,non DEG
RNF213-AS1,lncRNA,ENSG00000263069,No enriched GO,No_kegg,control_cluster1,non core,non DEG
,lncRNA,ENSG00000263244,"intracellular trafficking,Others,Synapse signaling",No_kegg,control_cluster1,non core,non DEG
,lncRNA,ENSG00000263388,No enriched GO,No_kegg,control_cluster1,non core,non DEG
LASP1NB,protein_coding,ENSG00000263874,No enriched GO,No_kegg,control_cluster1,non core,Down-regulated
,protein_coding,ENSG00000264058,No enriched GO,No_kegg,control_cluster1,non core,non DEG
,protein_coding,ENSG00000264668,No enriched GO,No_kegg,control_cluster1,non core,non DEG
TIMM23,protein_coding,ENSG00000265354,No enriched GO,No_kegg,control_cluster1,non core,non DEG
DTX2P1-UPK3BP1-PMS2P11,lncRNA,ENSG00000265479,No enriched GO,No_kegg,control_cluster1,non core,non DEG
,lncRNA,ENSG00000265579,No enriched GO,No_kegg,control_cluster1,non core,non DEG
,lncRNA,ENSG00000265794,No enriched GO,No_kegg,control_cluster1,non core,non DEG
CEP192-DT,lncRNA,ENSG00000266969,No enriched GO,No_kegg,control_cluster1,non core,non DEG
,lncRNA,ENSG00000267112,No enriched GO,No_kegg,control_cluster1,non core,Down-regulated
,lncRNA,ENSG00000267114,No enriched GO,No_kegg,control_cluster1,non core,non DEG
,protein_coding,ENSG00000267318,No enriched GO,No_kegg,control_cluster1,non core,non DEG
,protein_coding,ENSG00000267645,No enriched GO,No_kegg,control_cluster1,non core,non DEG
,lncRNA,ENSG00000267939,No enriched GO,No_kegg,control_cluster1,non core,non DEG
,lncRNA,ENSG00000268746,"Apoptosis,intracellular trafficking,Mitochondrial energy production,No enriched GO,Others,Synapse signaling",No_kegg,control_cluster1,non core,non DEG
,protein_coding,ENSG00000268750,No enriched GO,No_kegg,control_cluster1,non core,non DEG
ZNF587B,protein_coding,ENSG00000269343,No enriched GO,No_kegg,control_cluster1,non core,non DEG
,protein_coding,ENSG00000269476,No enriched GO,No_kegg,control_cluster1,non core,non DEG
NOP53-AS1,lncRNA,ENSG00000269656,No enriched GO,No_kegg,control_cluster1,non core,non DEG
ATP6V0D1-DT,lncRNA,ENSG00000270049,No enriched GO,No_kegg,control_cluster1,non core,non DEG
,protein_coding,ENSG00000270249,No enriched GO,No_kegg,control_cluster1,non core,non DEG
FBXW7-AS1,lncRNA,ENSG00000270751,No enriched GO,No_kegg,control_cluster1,non core,non DEG
,lncRNA,ENSG00000271717,No enriched GO,No_kegg,control_cluster1,non core,non DEG
,lncRNA,ENSG00000271730,No enriched GO,No_kegg,control_cluster1,non core,non DEG
SYNPO2L-AS1,lncRNA,ENSG00000271848,No enriched GO,No_kegg,control_cluster1,non core,non DEG
,lncRNA,ENSG00000271933,Synapse signaling,No_kegg,control_cluster1,non core,non DEG
,lncRNA,ENSG00000272770,Others,No_kegg,control_cluster1,non core,non DEG
,protein_coding,ENSG00000272772,No enriched GO,No_kegg,control_cluster1,non core,non DEG
,lncRNA,ENSG00000272849,No enriched GO,No_kegg,control_cluster1,non core,Up-regulated
,protein_coding,ENSG00000272897,No enriched GO,No_kegg,control_cluster1,non core,non DEG
,protein_coding,ENSG00000273269,No enriched GO,No_kegg,control_cluster1,non core,non DEG
,lncRNA,ENSG00000273275,No enriched GO,No_kegg,control_cluster1,non core,non DEG
,protein_coding,ENSG00000273398,No enriched GO,No_kegg,control_cluster1,non core,non DEG
,lncRNA,ENSG00000273432,No enriched GO,No_kegg,control_cluster1,non core,non DEG
ZNHIT3,protein_coding,ENSG00000273611,No enriched GO,No_kegg,control_cluster1,non core,non DEG
TAF9,protein_coding,ENSG00000273841,No enriched GO,No_kegg,control_cluster1,non core,non DEG
,lncRNA,ENSG00000274629,No enriched GO,No_kegg,control_cluster1,non core,non DEG
ZKSCAN2-DT,lncRNA,ENSG00000274925,No enriched GO,No_kegg,control_cluster1,non core,non DEG
,lncRNA,ENSG00000275854,"Apoptosis,No enriched GO",No_kegg,control_cluster1,non core,non DEG
,lncRNA,ENSG00000276997,No enriched GO,No_kegg,control_cluster1,non core,non DEG
,lncRNA,ENSG00000279145,No enriched GO,No_kegg,control_cluster1,non core,non DEG
,lncRNA,ENSG00000279168,No enriched GO,No_kegg,control_cluster1,non core,non DEG
PCDH20,protein_coding,ENSG00000280165,No enriched GO,No_kegg,control_cluster1,non core,Down-regulated
,protein_coding,ENSG00000280571,No enriched GO,No_kegg,control_cluster1,non core,non DEG
,protein_coding,ENSG00000280987,No enriched GO,No_kegg,control_cluster1,non core,non DEG
EBLN3P,lncRNA,ENSG00000281649,No enriched GO,No_kegg,control_cluster1,non core,non DEG
,protein_coding,ENSG00000283208,No enriched GO,No_kegg,control_cluster1,core,non DEG
,lncRNA,ENSG00000283411,No enriched GO,No_kegg,control_cluster1,non core,non DEG
TPTEP2-CSNK1E,protein_coding,ENSG00000283900,No enriched GO,kegg,control_cluster1,core,non DEG
,lncRNA,ENSG00000284697,"intracellular trafficking,Mitochondrial energy production,No enriched GO,Others,Synapse signaling",No_kegg,control_cluster1,non core,Down-regulated
,lncRNA,ENSG00000285117,Apoptosis,No_kegg,control_cluster1,non core,non DEG
,protein_coding,ENSG00000285329,No enriched GO,No_kegg,control_cluster1,non core,non DEG
POLR2J3,protein_coding,ENSG00000285437,No enriched GO,No_kegg,control_cluster1,non core,non DEG
,protein_coding,ENSG00000285542,No enriched GO,No_kegg,control_cluster1,non core,non DEG
,lncRNA,ENSG00000285667,No enriched GO,No_kegg,control_cluster1,non core,non DEG
,lncRNA,ENSG00000285693,No enriched GO,No_kegg,control_cluster1,non core,non DEG
,protein_coding,ENSG00000285772,No enriched GO,No_kegg,control_cluster1,non core,non DEG
,lncRNA,ENSG00000285830,"intracellular trafficking,Mitochondrial energy production,Others,Synapse signaling",No_kegg,control_cluster1,non core,non DEG
,lncRNA,ENSG00000285889,"Apoptosis,intracellular trafficking,Mitochondrial energy production,No enriched GO,Others,Synapse signaling",No_kegg,control_cluster1,non core,non DEG
ASDURF,protein_coding,ENSG00000286053,No enriched GO,No_kegg,control_cluster1,non core,non DEG
,protein_coding,ENSG00000286165,No enriched GO,No_kegg,control_cluster1,non core,non DEG
ARMCX5-GPRASP2,protein_coding,ENSG00000286237,No enriched GO,No_kegg,control_cluster1,non core,non DEG
,lncRNA,ENSG00000286366,No enriched GO,No_kegg,control_cluster1,non core,non DEG
,lncRNA,ENSG00000286575,No enriched GO,No_kegg,control_cluster1,non core,non DEG
,lncRNA,ENSG00000286760,No enriched GO,No_kegg,control_cluster1,non core,non DEG
,lncRNA,ENSG00000287242,No enriched GO,No_kegg,control_cluster1,non core,non DEG
,lncRNA,ENSG00000287451,"Apoptosis,Mitochondrial energy production,No enriched GO,Others",No_kegg,control_cluster1,core,non DEG
,lncRNA,ENSG00000287456,"intracellular trafficking,Synapse signaling",No_kegg,control_cluster1,non core,non DEG
,lncRNA,ENSG00000287625,No enriched GO,No_kegg,control_cluster1,non core,non DEG
,lncRNA,ENSG00000287949,No enriched GO,No_kegg,control_cluster1,non core,non DEG
,lncRNA,ENSG00000287952,No enriched GO,No_kegg,control_cluster1,non core,non DEG
,lncRNA,ENSG00000288033,No enriched GO,No_kegg,control_cluster1,non core,non DEG
DUS4L-BCAP29,protein_coding,ENSG00000288558,No enriched GO,No_kegg,control_cluster1,core,non DEG
,protein_coding,ENSG00000288698,No enriched GO,No_kegg,control_cluster1,non core,non DEG
DPM1,protein_coding,ENSG00000000419,No enriched GO,No_kegg,control_cluster2,non core,non DEG
FGR,protein_coding,ENSG00000000938,intracellular trafficking,No_kegg,control_cluster2,non core,non DEG
LAS1L,protein_coding,ENSG00000001497,No enriched GO,No_kegg,control_cluster2,non core,non DEG
SEMA3F,protein_coding,ENSG00000001617,Neurogenesis,No_kegg,control_cluster2,non core,non DEG
CD99,protein_coding,ENSG00000002586,No enriched GO,No_kegg,control_cluster2,non core,non DEG
TMEM176A,protein_coding,ENSG00000002933,No enriched GO,No_kegg,control_cluster2,non core,non DEG
ALS2,protein_coding,ENSG00000003393,Others,No_kegg,control_cluster2,non core,non DEG
CFLAR,protein_coding,ENSG00000003402,No enriched GO,No_kegg,control_cluster2,non core,non DEG
MTMR7,protein_coding,ENSG00000003987,No enriched GO,No_kegg,control_cluster2,non core,non DEG
PLXND1,protein_coding,ENSG00000004399,"Neurogenesis,Others",No_kegg,control_cluster2,non core,non DEG
DVL2,protein_coding,ENSG00000004975,Others,kegg,control_cluster2,non core,non DEG
SKAP2,protein_coding,ENSG00000005020,No enriched GO,No_kegg,control_cluster2,non core,non DEG
POLR2J,protein_coding,ENSG00000005075,No enriched GO,No_kegg,control_cluster2,non core,non DEG
REXO5,protein_coding,ENSG00000005189,No enriched GO,No_kegg,control_cluster2,non core,non DEG
SPPL2B,protein_coding,ENSG00000005206,No enriched GO,No_kegg,control_cluster2,non core,non DEG
COPZ2,protein_coding,ENSG00000005243,No enriched GO,No_kegg,control_cluster2,non core,non DEG
CROT,protein_coding,ENSG00000005469,No enriched GO,No_kegg,control_cluster2,non core,non DEG
AGK,protein_coding,ENSG00000006530,No enriched GO,No_kegg,control_cluster2,non core,non DEG
DBF4,protein_coding,ENSG00000006634,No enriched GO,No_kegg,control_cluster2,non core,non DEG
TRAPPC6A,protein_coding,ENSG00000007255,Others,No_kegg,control_cluster2,non core,non DEG
RHBDF1,protein_coding,ENSG00000007384,No enriched GO,No_kegg,control_cluster2,non core,non DEG
TEAD3,protein_coding,ENSG00000007866,No enriched GO,No_kegg,control_cluster2,non core,non DEG
CDK11A,protein_coding,ENSG00000008128,No enriched GO,No_kegg,control_cluster2,non core,non DEG
NADK,protein_coding,ENSG00000008130,No enriched GO,No_kegg,control_cluster2,non core,non DEG
NFIX,protein_coding,ENSG00000008441,No enriched GO,No_kegg,control_cluster2,non core,non DEG
TENM1,protein_coding,ENSG00000009694,Neurogenesis,No_kegg,control_cluster2,non core,non DEG
POMT2,protein_coding,ENSG00000009830,No enriched GO,No_kegg,control_cluster2,non core,non DEG
RANBP9,protein_coding,ENSG00000010017,No enriched GO,No_kegg,control_cluster2,non core,non DEG
HHATL,protein_coding,ENSG00000010282,No enriched GO,No_kegg,control_cluster2,non core,non DEG
LRRC23,protein_coding,ENSG00000010626,No enriched GO,No_kegg,control_cluster2,non core,non DEG
HIVEP2,protein_coding,ENSG00000010818,No enriched GO,No_kegg,control_cluster2,non core,non DEG
PTBP1,protein_coding,ENSG00000011304,No enriched GO,No_kegg,control_cluster2,non core,non DEG
MAP4K3,protein_coding,ENSG00000011566,No enriched GO,No_kegg,control_cluster2,non core,non DEG
SLC25A39,protein_coding,ENSG00000013306,No enriched GO,No_kegg,control_cluster2,non core,non DEG
TACC3,protein_coding,ENSG00000013810,No enriched GO,No_kegg,control_cluster2,non core,non DEG
YAF2,protein_coding,ENSG00000015153,No enriched GO,No_kegg,control_cluster2,non core,non DEG
XYLT2,protein_coding,ENSG00000015532,No enriched GO,No_kegg,control_cluster2,non core,non DEG
RGPD5,protein_coding,ENSG00000015568,No enriched GO,No_kegg,control_cluster2,non core,non DEG
CNTN1,protein_coding,ENSG00000018236,Neurogenesis,No_kegg,control_cluster2,non core,non DEG
PLEKHB1,protein_coding,ENSG00000021300,No enriched GO,No_kegg,control_cluster2,non core,non DEG
EHD2,protein_coding,ENSG00000024422,No enriched GO,No_kegg,control_cluster2,non core,non DEG
NR1H3,protein_coding,ENSG00000025434,No enriched GO,No_kegg,control_cluster2,non core,non DEG
VIM,protein_coding,ENSG00000026025,No enriched GO,No_kegg,control_cluster2,non core,non DEG
TNFRSF1B,protein_coding,ENSG00000028137,No enriched GO,No_kegg,control_cluster2,non core,non DEG
BRD9,protein_coding,ENSG00000028310,No enriched GO,No_kegg,control_cluster2,non core,non DEG
TFB1M,protein_coding,ENSG00000029639,No enriched GO,No_kegg,control_cluster2,non core,non DEG
BAK1,protein_coding,ENSG00000030110,No enriched GO,No_kegg,control_cluster2,non core,non DEG
FAM13B,protein_coding,ENSG00000031003,No enriched GO,No_kegg,control_cluster2,non core,non DEG
LRRC7,protein_coding,ENSG00000033122,No enriched GO,No_kegg,control_cluster2,non core,non DEG
GAB2,protein_coding,ENSG00000033327,intracellular trafficking,No_kegg,control_cluster2,non core,non DEG
ASTE1,protein_coding,ENSG00000034533,No enriched GO,No_kegg,control_cluster2,non core,non DEG
PEX3,protein_coding,ENSG00000034693,No enriched GO,No_kegg,control_cluster2,non core,non DEG
STAU2,protein_coding,ENSG00000040341,No enriched GO,No_kegg,control_cluster2,non core,non DEG
CDH10,protein_coding,ENSG00000040731,Neurogenesis,No_kegg,control_cluster2,non core,non DEG
RAB27B,protein_coding,ENSG00000041353,No enriched GO,No_kegg,control_cluster2,non core,non DEG
MYO16,protein_coding,ENSG00000041515,intracellular trafficking,No_kegg,control_cluster2,non core,non DEG
TDP1,protein_coding,ENSG00000042088,No enriched GO,No_kegg,control_cluster2,non core,non DEG
ZPBP,protein_coding,ENSG00000042813,No enriched GO,No_kegg,control_cluster2,non core,non DEG
ZIC2,protein_coding,ENSG00000043355,No enriched GO,No_kegg,control_cluster2,non core,non DEG
EPHA3,protein_coding,ENSG00000044524,"Neurogenesis,Others",No_kegg,control_cluster2,non core,non DEG
YTHDC2,protein_coding,ENSG00000047188,No enriched GO,No_kegg,control_cluster2,non core,non DEG
MAP4,protein_coding,ENSG00000047849,No enriched GO,No_kegg,control_cluster2,non core,non DEG
ROS1,protein_coding,ENSG00000047936,No enriched GO,No_kegg,control_cluster2,non core,non DEG
HDAC9,protein_coding,ENSG00000048052,No enriched GO,No_kegg,control_cluster2,non core,non DEG
ELN,protein_coding,ENSG00000049540,No enriched GO,No_kegg,control_cluster2,non core,non DEG
NEXMIF,protein_coding,ENSG00000050030,No enriched GO,No_kegg,control_cluster2,non core,non DEG
LAMC3,protein_coding,ENSG00000050555,No enriched GO,No_kegg,control_cluster2,non core,non DEG
PIK3CB,protein_coding,ENSG00000051382,"intracellular trafficking,Neurogenesis",kegg,control_cluster2,non core,non DEG
NRIP2,protein_coding,ENSG00000053702,No enriched GO,No_kegg,control_cluster2,non core,non DEG
ENTPD2,protein_coding,ENSG00000054179,No enriched GO,No_kegg,control_cluster2,non core,non DEG
FOXC1,protein_coding,ENSG00000054598,No enriched GO,No_kegg,control_cluster2,non core,non DEG
SZRD1,protein_coding,ENSG00000055070,No enriched GO,No_kegg,control_cluster2,non core,non DEG
CUL1,protein_coding,ENSG00000055130,No enriched GO,No_kegg,control_cluster2,non core,non DEG
CCDC85A,protein_coding,ENSG00000055813,No enriched GO,No_kegg,control_cluster2,non core,non DEG
PUM2,protein_coding,ENSG00000055917,No enriched GO,No_kegg,control_cluster2,non core,non DEG
ATG5,protein_coding,ENSG00000057663,No enriched GO,No_kegg,control_cluster2,non core,non DEG
CDK14,protein_coding,ENSG00000058091,No enriched GO,No_kegg,control_cluster2,non core,non DEG
PPP1R12A,protein_coding,ENSG00000058272,No enriched GO,No_kegg,control_cluster2,non core,non DEG
CROCC,protein_coding,ENSG00000058453,No enriched GO,No_kegg,control_cluster2,non core,non DEG
TARBP1,protein_coding,ENSG00000059588,No enriched GO,No_kegg,control_cluster2,non core,Down-regulated
DNAJC25,protein_coding,ENSG00000059769,No enriched GO,No_kegg,control_cluster2,non core,non DEG
STYK1,protein_coding,ENSG00000060140,No enriched GO,No_kegg,control_cluster2,non core,non DEG
WNK1,protein_coding,ENSG00000060237,"Neurogenesis,Others",No_kegg,control_cluster2,non core,non DEG
POLD1,protein_coding,ENSG00000062822,No enriched GO,No_kegg,control_cluster2,non core,non DEG
U2AF2,protein_coding,ENSG00000063244,No enriched GO,No_kegg,control_cluster2,non core,non DEG
MTMR1,protein_coding,ENSG00000063601,No enriched GO,No_kegg,control_cluster2,non core,non DEG
HIPK2,protein_coding,ENSG00000064393,No enriched GO,No_kegg,control_cluster2,non core,non DEG
FAR2,protein_coding,ENSG00000064763,No enriched GO,No_kegg,control_cluster2,non core,non DEG
BCAS1,protein_coding,ENSG00000064787,No enriched GO,No_kegg,control_cluster2,non core,non DEG
SBNO2,protein_coding,ENSG00000064932,No enriched GO,No_kegg,control_cluster2,non core,non DEG
HMG20B,protein_coding,ENSG00000064961,No enriched GO,No_kegg,control_cluster2,non core,non DEG
NHERF2,protein_coding,ENSG00000065054,No enriched GO,No_kegg,control_cluster2,non core,non DEG
SPEN,protein_coding,ENSG00000065526,No enriched GO,No_kegg,control_cluster2,non core,non DEG
MYLK,protein_coding,ENSG00000065534,No enriched GO,No_kegg,control_cluster2,non core,non DEG
YBX1,protein_coding,ENSG00000065978,No enriched GO,No_kegg,control_cluster2,non core,non DEG
TIE1,protein_coding,ENSG00000066056,No enriched GO,No_kegg,control_cluster2,non core,non DEG
MPPED2,protein_coding,ENSG00000066382,No enriched GO,No_kegg,control_cluster2,non core,non DEG
ARFGEF1,protein_coding,ENSG00000066777,Others,No_kegg,control_cluster2,non core,non DEG
STAG3,protein_coding,ENSG00000066923,No enriched GO,No_kegg,control_cluster2,non core,non DEG
MYO9A,protein_coding,ENSG00000066933,Others,No_kegg,control_cluster2,non core,non DEG
TNFRSF1A,protein_coding,ENSG00000067182,No enriched GO,kegg,control_cluster2,non core,non DEG
SYT1,protein_coding,ENSG00000067715,No enriched GO,No_kegg,control_cluster2,non core,non DEG
RASSF1,protein_coding,ENSG00000068028,No enriched GO,No_kegg,control_cluster2,non core,non DEG
IFI35,protein_coding,ENSG00000068079,No enriched GO,No_kegg,control_cluster2,non core,non DEG
PLEKHH3,protein_coding,ENSG00000068137,No enriched GO,No_kegg,control_cluster2,non core,non DEG
MEF2A,protein_coding,ENSG00000068305,No enriched GO,No_kegg,control_cluster2,non core,non DEG
SIRT2,protein_coding,ENSG00000068903,intracellular trafficking,No_kegg,control_cluster2,non core,non DEG
FSTL3,protein_coding,ENSG00000070404,No enriched GO,No_kegg,control_cluster2,non core,non DEG
NDST1,protein_coding,ENSG00000070614,No enriched GO,No_kegg,control_cluster2,non core,non DEG
PABPC1,protein_coding,ENSG00000070756,No enriched GO,No_kegg,control_cluster2,non core,non DEG
CSNK2A2,protein_coding,ENSG00000070770,No enriched GO,kegg,control_cluster2,non core,non DEG
MAP4K4,protein_coding,ENSG00000071054,Others,No_kegg,control_cluster2,non core,non DEG
VASH1,protein_coding,ENSG00000071246,No enriched GO,No_kegg,control_cluster2,non core,non DEG
MBD3,protein_coding,ENSG00000071655,No enriched GO,No_kegg,control_cluster2,non core,non DEG
FAM50A,protein_coding,ENSG00000071859,No enriched GO,No_kegg,control_cluster2,non core,non DEG
RPS6KA6,protein_coding,ENSG00000072133,No enriched GO,No_kegg,control_cluster2,non core,non DEG
LIMS2,protein_coding,ENSG00000072163,No enriched GO,No_kegg,control_cluster2,non core,non DEG
SREBF1,protein_coding,ENSG00000072310,No enriched GO,No_kegg,control_cluster2,non core,non DEG
SMC1A,protein_coding,ENSG00000072501,No enriched GO,No_kegg,control_cluster2,non core,non DEG
TRHDE,protein_coding,ENSG00000072657,No enriched GO,No_kegg,control_cluster2,non core,non DEG
ACADVL,protein_coding,ENSG00000072778,No enriched GO,No_kegg,control_cluster2,non core,non DEG
ACAP1,protein_coding,ENSG00000072818,No enriched GO,No_kegg,control_cluster2,non core,non DEG
NDE1,protein_coding,ENSG00000072864,No enriched GO,No_kegg,control_cluster2,non core,non DEG
FRY,protein_coding,ENSG00000073910,No enriched GO,No_kegg,control_cluster2,non core,non DEG
NOTCH3,protein_coding,ENSG00000074181,Neurogenesis,No_kegg,control_cluster2,non core,non DEG
NCBP3,protein_coding,ENSG00000074356,No enriched GO,No_kegg,control_cluster2,non core,non DEG
SCARF1,protein_coding,ENSG00000074660,No enriched GO,No_kegg,control_cluster2,non core,non DEG
SLC12A1,protein_coding,ENSG00000074803,No enriched GO,No_kegg,control_cluster2,non core,non DEG
ANO8,protein_coding,ENSG00000074855,No enriched GO,No_kegg,control_cluster2,non core,non DEG
SEMA3A,protein_coding,ENSG00000075213,Neurogenesis,No_kegg,control_cluster2,non core,non DEG
RASAL2,protein_coding,ENSG00000075391,Others,No_kegg,control_cluster2,non core,non DEG
RBMS2,protein_coding,ENSG00000076067,No enriched GO,No_kegg,control_cluster2,non core,non DEG
BAZ2A,protein_coding,ENSG00000076108,No enriched GO,No_kegg,control_cluster2,non core,non DEG
PTPN23,protein_coding,ENSG00000076201,Neurogenesis,No_kegg,control_cluster2,non core,non DEG
SLC46A1,protein_coding,ENSG00000076351,No enriched GO,No_kegg,control_cluster2,non core,non DEG
TPD52,protein_coding,ENSG00000076554,No enriched GO,No_kegg,control_cluster2,non core,non DEG
TRAF4,protein_coding,ENSG00000076604,No enriched GO,No_kegg,control_cluster2,non core,non DEG
MAP2K7,protein_coding,ENSG00000076984,No enriched GO,kegg,control_cluster2,non core,non DEG
NFKB2,protein_coding,ENSG00000077150,No enriched GO,No_kegg,control_cluster2,non core,non DEG
IL4R,protein_coding,ENSG00000077238,No enriched GO,No_kegg,control_cluster2,non core,non DEG
DCX,protein_coding,ENSG00000077279,No enriched GO,No_kegg,control_cluster2,non core,non DEG
SIRT6,protein_coding,ENSG00000077463,No enriched GO,No_kegg,control_cluster2,non core,non DEG
POLD3,protein_coding,ENSG00000077514,No enriched GO,No_kegg,control_cluster2,non core,non DEG
PIAS2,protein_coding,ENSG00000078043,No enriched GO,No_kegg,control_cluster2,non core,non DEG
ARAF,protein_coding,ENSG00000078061,No enriched GO,kegg,control_cluster2,non core,non DEG
PKD2L2,protein_coding,ENSG00000078795,No enriched GO,No_kegg,control_cluster2,non core,non DEG
TP53INP2,protein_coding,ENSG00000078804,No enriched GO,No_kegg,control_cluster2,non core,non DEG
SDF4,protein_coding,ENSG00000078808,No enriched GO,No_kegg,control_cluster2,non core,non DEG
RUNX1T1,protein_coding,ENSG00000079102,No enriched GO,No_kegg,control_cluster2,non core,non DEG
TNS1,protein_coding,ENSG00000079308,No enriched GO,No_kegg,control_cluster2,non core,non DEG
RAPGEF3,protein_coding,ENSG00000079337,Others,No_kegg,control_cluster2,non core,non DEG
CIC,protein_coding,ENSG00000079432,No enriched GO,No_kegg,control_cluster2,non core,non DEG
LIPE,protein_coding,ENSG00000079435,No enriched GO,No_kegg,control_cluster2,non core,non DEG
RIMS1,protein_coding,ENSG00000079841,No enriched GO,No_kegg,control_cluster2,non core,non DEG
DCT,protein_coding,ENSG00000080166,No enriched GO,No_kegg,control_cluster2,non core,non DEG
SLC35C2,protein_coding,ENSG00000080189,No enriched GO,No_kegg,control_cluster2,non core,non DEG
EPHA6,protein_coding,ENSG00000080224,Neurogenesis,No_kegg,control_cluster2,non core,non DEG
SESN1,protein_coding,ENSG00000080546,No enriched GO,No_kegg,control_cluster2,non core,non DEG
KCNN2,protein_coding,ENSG00000080709,No enriched GO,No_kegg,control_cluster2,non core,non DEG
CDH7,protein_coding,ENSG00000081138,Neurogenesis,No_kegg,control_cluster2,non core,non DEG
CADPS2,protein_coding,ENSG00000081803,No enriched GO,No_kegg,control_cluster2,non core,non DEG
IFT25,protein_coding,ENSG00000081870,No enriched GO,No_kegg,control_cluster2,non core,non DEG
CCNT2,protein_coding,ENSG00000082258,No enriched GO,No_kegg,control_cluster2,non core,non DEG
COL19A1,protein_coding,ENSG00000082293,No enriched GO,No_kegg,control_cluster2,non core,non DEG
GSK3B,protein_coding,ENSG00000082701,Others,kegg,control_cluster2,non core,non DEG
ITGB5,protein_coding,ENSG00000082781,No enriched GO,No_kegg,control_cluster2,non core,non DEG
DOP1A,protein_coding,ENSG00000083097,No enriched GO,No_kegg,control_cluster2,non core,non DEG
PLOD1,protein_coding,ENSG00000083444,No enriched GO,No_kegg,control_cluster2,non core,non DEG
PDS5B,protein_coding,ENSG00000083642,No enriched GO,No_kegg,control_cluster2,non core,non DEG
REST,protein_coding,ENSG00000084093,No enriched GO,No_kegg,control_cluster2,non core,non DEG
TXLNA,protein_coding,ENSG00000084652,No enriched GO,No_kegg,control_cluster2,non core,non DEG
PREP,protein_coding,ENSG00000085377,No enriched GO,No_kegg,control_cluster2,non core,non DEG
HACE1,protein_coding,ENSG00000085382,No enriched GO,No_kegg,control_cluster2,non core,non DEG
CTTN,protein_coding,ENSG00000085733,No enriched GO,No_kegg,control_cluster2,non core,non DEG
PPEF1,protein_coding,ENSG00000086717,No enriched GO,No_kegg,control_cluster2,non core,Down-regulated
TRIP6,protein_coding,ENSG00000087077,No enriched GO,No_kegg,control_cluster2,non core,non DEG
FTL,protein_coding,ENSG00000087086,No enriched GO,No_kegg,control_cluster2,non core,non DEG
SRRT,protein_coding,ENSG00000087087,No enriched GO,No_kegg,control_cluster2,non core,non DEG
BAX,protein_coding,ENSG00000087088,No enriched GO,No_kegg,control_cluster2,non core,non DEG
NLK,protein_coding,ENSG00000087095,No enriched GO,No_kegg,control_cluster2,non core,non DEG
SH3BP2,protein_coding,ENSG00000087266,No enriched GO,No_kegg,control_cluster2,non core,non DEG
NOP14,protein_coding,ENSG00000087269,No enriched GO,No_kegg,control_cluster2,non core,non DEG
PTPN4,protein_coding,ENSG00000088179,No enriched GO,No_kegg,control_cluster2,non core,non DEG
SMOX,protein_coding,ENSG00000088826,No enriched GO,No_kegg,control_cluster2,non core,non DEG
MAVS,protein_coding,ENSG00000088888,No enriched GO,No_kegg,control_cluster2,core,non DEG
TASP1,protein_coding,ENSG00000089123,No enriched GO,No_kegg,control_cluster2,non core,non DEG
FXYD5,protein_coding,ENSG00000089327,Neurogenesis,No_kegg,control_cluster2,non core,non DEG
GRAMD1A,protein_coding,ENSG00000089351,No enriched GO,No_kegg,control_cluster2,non core,non DEG
PCBP4,protein_coding,ENSG00000090097,No enriched GO,No_kegg,control_cluster2,non core,non DEG
GNPTG,protein_coding,ENSG00000090581,No enriched GO,No_kegg,control_cluster2,non core,non DEG
EFNB1,protein_coding,ENSG00000090776,Neurogenesis,No_kegg,control_cluster2,non core,non DEG
PLEKHG2,protein_coding,ENSG00000090924,No enriched GO,No_kegg,control_cluster2,non core,non DEG
NRCAM,protein_coding,ENSG00000091129,Neurogenesis,No_kegg,control_cluster2,non core,non DEG
SLC26A4,protein_coding,ENSG00000091137,No enriched GO,No_kegg,control_cluster2,non core,non DEG
WDR7,protein_coding,ENSG00000091157,No enriched GO,No_kegg,control_cluster2,core,non DEG
SMPX,protein_coding,ENSG00000091482,No enriched GO,No_kegg,control_cluster2,non core,non DEG
RGS17,protein_coding,ENSG00000091844,No enriched GO,No_kegg,control_cluster2,non core,non DEG
SCFD1,protein_coding,ENSG00000092108,No enriched GO,No_kegg,control_cluster2,non core,non DEG
PHGDH,protein_coding,ENSG00000092621,No enriched GO,No_kegg,control_cluster2,non core,non DEG
GPATCH2,protein_coding,ENSG00000092978,No enriched GO,No_kegg,control_cluster2,non core,non DEG
COMT,protein_coding,ENSG00000093010,No enriched GO,No_kegg,control_cluster2,non core,non DEG
ADA2,protein_coding,ENSG00000093072,No enriched GO,No_kegg,control_cluster2,non core,non DEG
HDAC6,protein_coding,ENSG00000094631,Neurogenesis,No_kegg,control_cluster2,non core,non DEG
UPRT,protein_coding,ENSG00000094841,No enriched GO,No_kegg,control_cluster2,non core,non DEG
AAAS,protein_coding,ENSG00000094914,No enriched GO,No_kegg,control_cluster2,non core,non DEG
MSH2,protein_coding,ENSG00000095002,No enriched GO,No_kegg,control_cluster2,non core,non DEG
EFHC1,protein_coding,ENSG00000096093,No enriched GO,No_kegg,control_cluster2,non core,non DEG
CDC7,protein_coding,ENSG00000097046,No enriched GO,No_kegg,control_cluster2,non core,non DEG
SYDE2,protein_coding,ENSG00000097096,Others,No_kegg,control_cluster2,non core,non DEG
MYO9B,protein_coding,ENSG00000099331,No enriched GO,No_kegg,control_cluster2,non core,non DEG
HSD3B7,protein_coding,ENSG00000099377,No enriched GO,No_kegg,control_cluster2,non core,non DEG
SETD1A,protein_coding,ENSG00000099381,No enriched GO,No_kegg,control_cluster2,non core,non DEG
HNRNPM,protein_coding,ENSG00000099783,No enriched GO,No_kegg,control_cluster2,non core,non DEG
MKNK2,protein_coding,ENSG00000099875,No enriched GO,No_kegg,control_cluster2,non core,non DEG
LZTR1,protein_coding,ENSG00000099949,No enriched GO,No_kegg,control_cluster2,non core,non DEG
GGT5,protein_coding,ENSG00000099998,No enriched GO,No_kegg,control_cluster2,non core,non DEG
MFNG,protein_coding,ENSG00000100060,No enriched GO,No_kegg,control_cluster2,non core,non DEG
SLC25A1,protein_coding,ENSG00000100075,No enriched GO,No_kegg,control_cluster2,non core,non DEG
GRK3,protein_coding,ENSG00000100077,No enriched GO,No_kegg,control_cluster2,non core,non DEG
GGA1,protein_coding,ENSG00000100083,No enriched GO,No_kegg,control_cluster2,non core,non DEG
PATZ1,protein_coding,ENSG00000100105,No enriched GO,No_kegg,control_cluster2,non core,non DEG
MICALL1,protein_coding,ENSG00000100139,No enriched GO,No_kegg,control_cluster2,non core,non DEG
SOX10,protein_coding,ENSG00000100146,No enriched GO,No_kegg,control_cluster2,non core,non DEG
POLDIP3,protein_coding,ENSG00000100227,No enriched GO,No_kegg,control_cluster2,non core,non DEG
CYB5R3,protein_coding,ENSG00000100243,No enriched GO,No_kegg,control_cluster2,non core,non DEG
RHBDD3,protein_coding,ENSG00000100263,No enriched GO,No_kegg,control_cluster2,non core,non DEG
ARSA,protein_coding,ENSG00000100299,No enriched GO,No_kegg,control_cluster2,non core,non DEG
RBFOX2,protein_coding,ENSG00000100320,No enriched GO,No_kegg,control_cluster2,non core,non DEG
APOL1,protein_coding,ENSG00000100342,No enriched GO,No_kegg,control_cluster2,non core,non DEG
MYH9,protein_coding,ENSG00000100345,No enriched GO,No_kegg,control_cluster2,non core,non DEG
ZC3H7B,protein_coding,ENSG00000100403,No enriched GO,No_kegg,control_cluster2,non core,non DEG
MLC1,protein_coding,ENSG00000100427,No enriched GO,No_kegg,control_cluster2,non core,non DEG
ABHD4,protein_coding,ENSG00000100439,No enriched GO,No_kegg,control_cluster2,non core,non DEG
KHNYN,protein_coding,ENSG00000100441,No enriched GO,No_kegg,control_cluster2,non core,non DEG
DDHD1,protein_coding,ENSG00000100523,No enriched GO,No_kegg,control_cluster2,non core,non DEG
ITPK1,protein_coding,ENSG00000100605,No enriched GO,No_kegg,control_cluster2,non core,non DEG
ZC3H14,protein_coding,ENSG00000100722,No enriched GO,No_kegg,control_cluster2,non core,non DEG
TELO2,protein_coding,ENSG00000100726,No enriched GO,No_kegg,control_cluster2,non core,non DEG
PCNX1,protein_coding,ENSG00000100731,No enriched GO,No_kegg,control_cluster2,non core,non DEG
VRK1,protein_coding,ENSG00000100749,No enriched GO,No_kegg,control_cluster2,non core,non DEG
EFS,protein_coding,ENSG00000100842,No enriched GO,No_kegg,control_cluster2,non core,non DEG
PCK2,protein_coding,ENSG00000100889,No enriched GO,No_kegg,control_cluster2,non core,non DEG
BRMS1L,protein_coding,ENSG00000100916,No enriched GO,No_kegg,control_cluster2,non core,non DEG
PNN,protein_coding,ENSG00000100941,No enriched GO,No_kegg,control_cluster2,non core,non DEG
NFATC4,protein_coding,ENSG00000100968,No enriched GO,No_kegg,control_cluster2,non core,non DEG
CD40,protein_coding,ENSG00000101017,Others,No_kegg,control_cluster2,non core,non DEG
SLCO4A1,protein_coding,ENSG00000101187,No enriched GO,No_kegg,control_cluster2,non core,non DEG
NKAIN4,protein_coding,ENSG00000101198,No enriched GO,No_kegg,control_cluster2,non core,non DEG
COL20A1,protein_coding,ENSG00000101203,No enriched GO,No_kegg,control_cluster2,non core,non DEG
PTK6,protein_coding,ENSG00000101213,No enriched GO,No_kegg,control_cluster2,non core,non DEG
SLC52A3,protein_coding,ENSG00000101276,No enriched GO,No_kegg,control_cluster2,non core,non DEG
TLDC2,protein_coding,ENSG00000101342,No enriched GO,No_kegg,control_cluster2,non core,non DEG
SNTA1,protein_coding,ENSG00000101400,No enriched GO,No_kegg,control_cluster2,non core,non DEG
SMAD7,protein_coding,ENSG00000101665,No enriched GO,No_kegg,control_cluster2,non core,non DEG
NOL4,protein_coding,ENSG00000101746,No enriched GO,No_kegg,control_cluster2,non core,non DEG
STS,protein_coding,ENSG00000101846,No enriched GO,No_kegg,control_cluster2,non core,non DEG
GLRA2,protein_coding,ENSG00000101958,No enriched GO,No_kegg,control_cluster2,non core,non DEG
ABCD1,protein_coding,ENSG00000101986,No enriched GO,No_kegg,control_cluster2,non core,non DEG
RENBP,protein_coding,ENSG00000102032,No enriched GO,No_kegg,control_cluster2,non core,non DEG
ARHGEF7,protein_coding,ENSG00000102606,Others,No_kegg,control_cluster2,non core,non DEG
NUP93,protein_coding,ENSG00000102900,No enriched GO,No_kegg,control_cluster2,non core,non DEG
COTL1,protein_coding,ENSG00000103187,No enriched GO,No_kegg,control_cluster2,non core,non DEG
CRISPLD2,protein_coding,ENSG00000103196,No enriched GO,No_kegg,control_cluster2,non core,non DEG
NME4,protein_coding,ENSG00000103202,No enriched GO,No_kegg,control_cluster2,non core,non DEG
SLC7A5,protein_coding,ENSG00000103257,No enriched GO,No_kegg,control_cluster2,non core,non DEG
PIEZO1,protein_coding,ENSG00000103335,No enriched GO,No_kegg,control_cluster2,non core,non DEG
CORO7-PAM16,protein_coding,ENSG00000103426,No enriched GO,No_kegg,control_cluster2,non core,non DEG
SALL1,protein_coding,ENSG00000103449,No enriched GO,No_kegg,control_cluster2,non core,non DEG
RPGRIP1L,protein_coding,ENSG00000103494,No enriched GO,No_kegg,control_cluster2,non core,non DEG
STX4,protein_coding,ENSG00000103496,No enriched GO,No_kegg,control_cluster2,non core,non DEG
VPS35L,protein_coding,ENSG00000103544,No enriched GO,No_kegg,control_cluster2,non core,non DEG
KNOP1,protein_coding,ENSG00000103550,No enriched GO,No_kegg,control_cluster2,non core,non DEG
CTSH,protein_coding,ENSG00000103811,No enriched GO,No_kegg,control_cluster2,non core,non DEG
DTWD1,protein_coding,ENSG00000104047,No enriched GO,No_kegg,control_cluster2,non core,non DEG
TRPA1,protein_coding,ENSG00000104321,No enriched GO,No_kegg,control_cluster2,non core,non DEG
JPH1,protein_coding,ENSG00000104369,No enriched GO,No_kegg,control_cluster2,non core,non DEG
GDAP1,protein_coding,ENSG00000104381,No enriched GO,No_kegg,control_cluster2,non core,non DEG
ZC2HC1A,protein_coding,ENSG00000104427,No enriched GO,No_kegg,control_cluster2,non core,non DEG
IL7,protein_coding,ENSG00000104432,No enriched GO,No_kegg,control_cluster2,non core,non DEG
CHRAC1,protein_coding,ENSG00000104472,No enriched GO,No_kegg,control_cluster2,non core,non DEG
EEF1D,protein_coding,ENSG00000104529,No enriched GO,No_kegg,control_cluster2,non core,non DEG
TUSC3,protein_coding,ENSG00000104723,No enriched GO,No_kegg,control_cluster2,non core,non DEG
MAN2B1,protein_coding,ENSG00000104774,No enriched GO,No_kegg,control_cluster2,non core,non DEG
FCGRT,protein_coding,ENSG00000104870,No enriched GO,No_kegg,control_cluster2,non core,non DEG
SF3A2,protein_coding,ENSG00000104897,No enriched GO,No_kegg,control_cluster2,non core,non DEG
TBC1D17,protein_coding,ENSG00000104946,Others,No_kegg,control_cluster2,non core,non DEG
SGTA,protein_coding,ENSG00000104969,No enriched GO,No_kegg,control_cluster2,non core,non DEG
VRK3,protein_coding,ENSG00000105053,No enriched GO,No_kegg,control_cluster2,non core,non DEG
RPS16,protein_coding,ENSG00000105193,No enriched GO,No_kegg,control_cluster2,non core,non DEG
PRX,protein_coding,ENSG00000105227,No enriched GO,No_kegg,control_cluster2,non core,non DEG
YJU2,protein_coding,ENSG00000105248,No enriched GO,No_kegg,control_cluster2,non core,non DEG
CACTIN,protein_coding,ENSG00000105298,No enriched GO,No_kegg,control_cluster2,non core,non DEG
CCDC9,protein_coding,ENSG00000105321,No enriched GO,No_kegg,control_cluster2,non core,non DEG
HNRNPUL1,protein_coding,ENSG00000105323,No enriched GO,No_kegg,control_cluster2,non core,non DEG
FZR1,protein_coding,ENSG00000105325,No enriched GO,No_kegg,control_cluster2,non core,non DEG
TGFB1,protein_coding,ENSG00000105329,No enriched GO,No_kegg,control_cluster2,non core,non DEG
MYH14,protein_coding,ENSG00000105357,No enriched GO,No_kegg,control_cluster2,non core,non DEG
NOP53,protein_coding,ENSG00000105373,intracellular trafficking,No_kegg,control_cluster2,non core,non DEG
LIG1,protein_coding,ENSG00000105486,No enriched GO,No_kegg,control_cluster2,non core,non DEG
RASIP1,protein_coding,ENSG00000105538,Others,No_kegg,control_cluster2,non core,non DEG
GCDH,protein_coding,ENSG00000105607,No enriched GO,No_kegg,control_cluster2,non core,non DEG
RPL18A,protein_coding,ENSG00000105640,No enriched GO,No_kegg,control_cluster2,non core,non DEG
ISYNA1,protein_coding,ENSG00000105655,No enriched GO,No_kegg,control_cluster2,non core,non DEG
USF2,protein_coding,ENSG00000105698,No enriched GO,No_kegg,control_cluster2,non core,non DEG
KXD1,protein_coding,ENSG00000105700,No enriched GO,No_kegg,control_cluster2,non core,non DEG
HPN,protein_coding,ENSG00000105707,No enriched GO,No_kegg,control_cluster2,non core,non DEG
AVL9,protein_coding,ENSG00000105778,No enriched GO,No_kegg,control_cluster2,non core,non DEG
RUNDC3B,protein_coding,ENSG00000105784,No enriched GO,No_kegg,control_cluster2,non core,non DEG
CFAP69,protein_coding,ENSG00000105792,No enriched GO,No_kegg,control_cluster2,non core,non DEG
LMBR1,protein_coding,ENSG00000105983,No enriched GO,No_kegg,control_cluster2,non core,non DEG
BRAT1,protein_coding,ENSG00000106009,No enriched GO,No_kegg,control_cluster2,non core,non DEG
ANKRD7,protein_coding,ENSG00000106013,No enriched GO,No_kegg,control_cluster2,non core,non DEG
SSBP1,protein_coding,ENSG00000106028,No enriched GO,No_kegg,control_cluster2,non core,non DEG
PLEKHA8,protein_coding,ENSG00000106086,No enriched GO,No_kegg,control_cluster2,non core,non DEG
AGFG2,protein_coding,ENSG00000106351,No enriched GO,No_kegg,control_cluster2,non core,non DEG
PLOD3,protein_coding,ENSG00000106397,No enriched GO,No_kegg,control_cluster2,non core,non DEG
PHF14,protein_coding,ENSG00000106443,No enriched GO,No_kegg,control_cluster2,non core,non DEG
CLIP2,protein_coding,ENSG00000106665,No enriched GO,No_kegg,control_cluster2,non core,non DEG
SPATA6L,protein_coding,ENSG00000106686,No enriched GO,No_kegg,control_cluster2,non core,non DEG
ENG,protein_coding,ENSG00000106991,No enriched GO,No_kegg,control_cluster2,non core,non DEG
SH3GL2,protein_coding,ENSG00000107295,No enriched GO,No_kegg,control_cluster2,non core,non DEG
PTGDS,protein_coding,ENSG00000107317,No enriched GO,No_kegg,control_cluster2,non core,non DEG
MAPK8,protein_coding,ENSG00000107643,No enriched GO,kegg,control_cluster2,non core,non DEG
PLEKHA1,protein_coding,ENSG00000107679,intracellular trafficking,No_kegg,control_cluster2,non core,non DEG
UNC5B,protein_coding,ENSG00000107731,"intracellular trafficking,Neurogenesis",No_kegg,control_cluster2,non core,non DEG
VSIR,protein_coding,ENSG00000107738,No enriched GO,No_kegg,control_cluster2,non core,non DEG
MICU1,protein_coding,ENSG00000107745,No enriched GO,No_kegg,control_cluster2,non core,non DEG
LZTS2,protein_coding,ENSG00000107816,No enriched GO,No_kegg,control_cluster2,non core,non DEG
GLRX3,protein_coding,ENSG00000108010,No enriched GO,No_kegg,control_cluster2,non core,non DEG
CCDC6,protein_coding,ENSG00000108091,No enriched GO,No_kegg,control_cluster2,non core,non DEG
RPL28,protein_coding,ENSG00000108107,No enriched GO,No_kegg,control_cluster2,non core,non DEG
CASC3,protein_coding,ENSG00000108349,No enriched GO,No_kegg,control_cluster2,non core,non DEG
CDK5RAP3,protein_coding,ENSG00000108465,No enriched GO,No_kegg,control_cluster2,non core,non DEG
GALK1,protein_coding,ENSG00000108479,No enriched GO,No_kegg,control_cluster2,non core,non DEG
ENO3,protein_coding,ENSG00000108515,No enriched GO,No_kegg,control_cluster2,non core,non DEG
PFN1,protein_coding,ENSG00000108518,No enriched GO,No_kegg,control_cluster2,non core,non DEG
ICAM2,protein_coding,ENSG00000108622,No enriched GO,No_kegg,control_cluster2,non core,non DEG
SYNGR2,protein_coding,ENSG00000108639,No enriched GO,No_kegg,control_cluster2,non core,non DEG
LGALS3BP,protein_coding,ENSG00000108679,No enriched GO,No_kegg,control_cluster2,non core,non DEG
NAGLU,protein_coding,ENSG00000108784,No enriched GO,No_kegg,control_cluster2,non core,non DEG
VAT1,protein_coding,ENSG00000108828,No enriched GO,No_kegg,control_cluster2,non core,non DEG
HDAC5,protein_coding,ENSG00000108840,No enriched GO,No_kegg,control_cluster2,non core,non DEG
NHERF1,protein_coding,ENSG00000109062,intracellular trafficking,No_kegg,control_cluster2,non core,non DEG
CDR2L,protein_coding,ENSG00000109089,No enriched GO,No_kegg,control_cluster2,non core,non DEG
GNRHR,protein_coding,ENSG00000109163,No enriched GO,No_kegg,control_cluster2,non core,non DEG
MAPK10,protein_coding,ENSG00000109339,No enriched GO,kegg,control_cluster2,non core,non DEG
INPP4B,protein_coding,ENSG00000109452,No enriched GO,No_kegg,control_cluster2,non core,non DEG
STIM2,protein_coding,ENSG00000109689,No enriched GO,No_kegg,control_cluster2,non core,non DEG
MFSD10,protein_coding,ENSG00000109736,No enriched GO,No_kegg,control_cluster2,non core,non DEG
RAPGEF2,protein_coding,ENSG00000109756,Others,No_kegg,control_cluster2,non core,non DEG
CRYAB,protein_coding,ENSG00000109846,No enriched GO,No_kegg,control_cluster2,non core,non DEG
DNAJC4,protein_coding,ENSG00000110011,No enriched GO,No_kegg,control_cluster2,non core,non DEG
EHD1,protein_coding,ENSG00000110047,No enriched GO,No_kegg,control_cluster2,non core,non DEG
CCND1,protein_coding,ENSG00000110092,No enriched GO,No_kegg,control_cluster2,non core,non DEG
CD81,protein_coding,ENSG00000110651,No enriched GO,No_kegg,control_cluster2,non core,non DEG
PSMD9,protein_coding,ENSG00000110801,No enriched GO,kegg,control_cluster2,non core,non DEG
CAPRIN2,protein_coding,ENSG00000110888,No enriched GO,No_kegg,control_cluster2,non core,non DEG
LIN7A,protein_coding,ENSG00000111052,No enriched GO,No_kegg,control_cluster2,non core,non DEG
TNS2,protein_coding,ENSG00000111077,No enriched GO,No_kegg,control_cluster2,non core,non DEG
PPM1H,protein_coding,ENSG00000111110,No enriched GO,No_kegg,control_cluster2,non core,non DEG
SLC6A12,protein_coding,ENSG00000111181,No enriched GO,No_kegg,control_cluster2,non core,non DEG
ITFG2,protein_coding,ENSG00000111203,No enriched GO,No_kegg,control_cluster2,non core,non DEG
PARP11,protein_coding,ENSG00000111224,No enriched GO,No_kegg,control_cluster2,non core,non DEG
LTBR,protein_coding,ENSG00000111321,No enriched GO,No_kegg,control_cluster2,non core,non DEG
CDK2AP1,protein_coding,ENSG00000111328,No enriched GO,No_kegg,control_cluster2,non core,non DEG
TBC1D30,protein_coding,ENSG00000111490,Others,No_kegg,control_cluster2,non core,non DEG
TIMELESS,protein_coding,ENSG00000111602,No enriched GO,No_kegg,control_cluster2,non core,non DEG
CHD4,protein_coding,ENSG00000111642,No enriched GO,No_kegg,control_cluster2,non core,non DEG
PTPN6,protein_coding,ENSG00000111679,intracellular trafficking,No_kegg,control_cluster2,non core,non DEG
ST8SIA1,protein_coding,ENSG00000111728,No enriched GO,No_kegg,control_cluster2,non core,non DEG
C2CD5,protein_coding,ENSG00000111731,No enriched GO,No_kegg,control_cluster2,non core,non DEG
RIC8B,protein_coding,ENSG00000111785,No enriched GO,No_kegg,control_cluster2,non core,non DEG
COL12A1,protein_coding,ENSG00000111799,No enriched GO,No_kegg,control_cluster2,non core,Down-regulated
RNGTT,protein_coding,ENSG00000111880,No enriched GO,No_kegg,control_cluster2,non core,non DEG
MAN1A1,protein_coding,ENSG00000111885,No enriched GO,No_kegg,control_cluster2,non core,non DEG
SASH1,protein_coding,ENSG00000111961,No enriched GO,No_kegg,control_cluster2,non core,non DEG
RBM24,protein_coding,ENSG00000112183,No enriched GO,No_kegg,control_cluster2,non core,non DEG
GPR63,protein_coding,ENSG00000112218,No enriched GO,No_kegg,control_cluster2,non core,non DEG
WASF1,protein_coding,ENSG00000112290,No enriched GO,No_kegg,control_cluster2,non core,non DEG
SMAP1,protein_coding,ENSG00000112305,No enriched GO,No_kegg,control_cluster2,non core,non DEG
FIG4,protein_coding,ENSG00000112367,No enriched GO,No_kegg,control_cluster2,non core,non DEG
CDH9,protein_coding,ENSG00000113100,Neurogenesis,No_kegg,control_cluster2,non core,non DEG
SPARC,protein_coding,ENSG00000113140,No enriched GO,No_kegg,control_cluster2,non core,non DEG
RASGRF2,protein_coding,ENSG00000113319,Others,No_kegg,control_cluster2,non core,non DEG
DROSHA,protein_coding,ENSG00000113360,No enriched GO,No_kegg,control_cluster2,non core,non DEG
FGF1,protein_coding,ENSG00000113578,No enriched GO,No_kegg,control_cluster2,non core,non DEG
TCERG1,protein_coding,ENSG00000113649,No enriched GO,No_kegg,control_cluster2,non core,non DEG
PDGFRB,protein_coding,ENSG00000113721,intracellular trafficking,No_kegg,control_cluster2,non core,non DEG
KPNA1,protein_coding,ENSG00000114030,No enriched GO,No_kegg,control_cluster2,non core,non DEG
UBE3A,protein_coding,ENSG00000114062,intracellular trafficking,No_kegg,control_cluster2,non core,non DEG
ARMC8,protein_coding,ENSG00000114098,No enriched GO,No_kegg,control_cluster2,non core,non DEG
FGF12,protein_coding,ENSG00000114279,No enriched GO,No_kegg,control_cluster2,non core,non DEG
GNAI2,protein_coding,ENSG00000114353,No enriched GO,No_kegg,control_cluster2,non core,non DEG
MAPKAPK3,protein_coding,ENSG00000114738,No enriched GO,No_kegg,control_cluster2,non core,non DEG
ZBTB47,protein_coding,ENSG00000114853,No enriched GO,No_kegg,control_cluster2,non core,non DEG
CLCN2,protein_coding,ENSG00000114859,No enriched GO,No_kegg,control_cluster2,non core,non DEG
ADAM23,protein_coding,ENSG00000114948,No enriched GO,No_kegg,control_cluster2,non core,non DEG
EIF2B4,protein_coding,ENSG00000115211,No enriched GO,No_kegg,control_cluster2,non core,non DEG
PDE1A,protein_coding,ENSG00000115252,No enriched GO,No_kegg,control_cluster2,non core,non DEG
GRB14,protein_coding,ENSG00000115290,No enriched GO,No_kegg,control_cluster2,non core,non DEG
LOXL3,protein_coding,ENSG00000115318,No enriched GO,No_kegg,control_cluster2,non core,non DEG
DOK1,protein_coding,ENSG00000115325,No enriched GO,No_kegg,control_cluster2,non core,non DEG
EFHD1,protein_coding,ENSG00000115468,No enriched GO,No_kegg,control_cluster2,non core,non DEG
EHBP1,protein_coding,ENSG00000115504,No enriched GO,No_kegg,control_cluster2,non core,non DEG
IL1RL2,protein_coding,ENSG00000115598,No enriched GO,No_kegg,control_cluster2,non core,non DEG
RMDN2,protein_coding,ENSG00000115841,No enriched GO,No_kegg,control_cluster2,non core,non DEG
AAK1,protein_coding,ENSG00000115977,No enriched GO,No_kegg,control_cluster2,non core,non DEG
EPAS1,protein_coding,ENSG00000116016,No enriched GO,No_kegg,control_cluster2,non core,non DEG
MARK1,protein_coding,ENSG00000116141,No enriched GO,No_kegg,control_cluster2,non core,non DEG
PAPPA2,protein_coding,ENSG00000116183,No enriched GO,No_kegg,control_cluster2,non core,non DEG
CEP104,protein_coding,ENSG00000116198,No enriched GO,No_kegg,control_cluster2,non core,non DEG
TCEANC2,protein_coding,ENSG00000116205,No enriched GO,No_kegg,control_cluster2,non core,non DEG
MIIP,protein_coding,ENSG00000116691,No enriched GO,No_kegg,control_cluster2,non core,non DEG
PHTF1,protein_coding,ENSG00000116793,No enriched GO,No_kegg,control_cluster2,non core,non DEG
ZBTB17,protein_coding,ENSG00000116809,No enriched GO,No_kegg,control_cluster2,non core,non DEG
BMP8B,protein_coding,ENSG00000116985,No enriched GO,No_kegg,control_cluster2,non core,non DEG
AKT3,protein_coding,ENSG00000117020,No enriched GO,kegg,control_cluster2,non core,non DEG
ST6GALNAC5,protein_coding,ENSG00000117069,No enriched GO,No_kegg,control_cluster2,non core,non DEG
ADGRL2,protein_coding,ENSG00000117114,No enriched GO,No_kegg,control_cluster2,non core,non DEG
PADI2,protein_coding,ENSG00000117115,No enriched GO,No_kegg,control_cluster2,non core,non DEG
CDK18,protein_coding,ENSG00000117266,No enriched GO,No_kegg,control_cluster2,non core,non DEG
ECE1,protein_coding,ENSG00000117298,Neurogenesis,No_kegg,control_cluster2,core,non DEG
ID3,protein_coding,ENSG00000117318,No enriched GO,No_kegg,control_cluster2,non core,non DEG
SLC2A1,protein_coding,ENSG00000117394,No enriched GO,No_kegg,control_cluster2,non core,non DEG
CCDC181,protein_coding,ENSG00000117477,No enriched GO,No_kegg,control_cluster2,non core,non DEG
PLPPR5,protein_coding,ENSG00000117598,No enriched GO,No_kegg,control_cluster2,non core,non DEG
C1orf54,protein_coding,ENSG00000118292,No enriched GO,No_kegg,control_cluster2,non core,non DEG
IRAG2,protein_coding,ENSG00000118308,No enriched GO,No_kegg,control_cluster2,non core,non DEG
ANKRD13C,protein_coding,ENSG00000118454,No enriched GO,No_kegg,control_cluster2,non core,non DEG
SGIP1,protein_coding,ENSG00000118473,No enriched GO,No_kegg,control_cluster2,non core,non DEG
SLC16A7,protein_coding,ENSG00000118596,No enriched GO,No_kegg,control_cluster2,non core,non DEG
FOXO3,protein_coding,ENSG00000118689,No enriched GO,No_kegg,control_cluster2,non core,non DEG
OLFM3,protein_coding,ENSG00000118733,No enriched GO,No_kegg,control_cluster2,non core,non DEG
CYP20A1,protein_coding,ENSG00000119004,No enriched GO,No_kegg,control_cluster2,non core,non DEG
SATB2,protein_coding,ENSG00000119042,No enriched GO,No_kegg,control_cluster2,non core,non DEG
ABITRAM,protein_coding,ENSG00000119328,No enriched GO,No_kegg,control_cluster2,non core,non DEG
PHF19,protein_coding,ENSG00000119403,No enriched GO,No_kegg,control_cluster2,non core,non DEG
C19orf25,protein_coding,ENSG00000119559,No enriched GO,No_kegg,control_cluster2,non core,non DEG
NPC2,protein_coding,ENSG00000119655,No enriched GO,No_kegg,control_cluster2,non core,non DEG
PPP4R4,protein_coding,ENSG00000119698,No enriched GO,No_kegg,control_cluster2,non core,non DEG
TGFB3,protein_coding,ENSG00000119699,No enriched GO,No_kegg,control_cluster2,non core,non DEG
ATL2,protein_coding,ENSG00000119787,No enriched GO,No_kegg,control_cluster2,non core,non DEG
GRIA2,protein_coding,ENSG00000120251,No enriched GO,No_kegg,control_cluster2,core,non DEG
GORAB,protein_coding,ENSG00000120370,No enriched GO,No_kegg,control_cluster2,non core,non DEG
APAF1,protein_coding,ENSG00000120868,No enriched GO,kegg,control_cluster2,non core,non DEG
SORBS3,protein_coding,ENSG00000120896,No enriched GO,No_kegg,control_cluster2,non core,non DEG
PDLIM2,protein_coding,ENSG00000120913,No enriched GO,No_kegg,control_cluster2,non core,non DEG
PSPC1,protein_coding,ENSG00000121390,No enriched GO,No_kegg,control_cluster2,non core,non DEG
RNF2,protein_coding,ENSG00000121481,No enriched GO,No_kegg,control_cluster2,non core,non DEG
ZRANB3,protein_coding,ENSG00000121988,No enriched GO,No_kegg,control_cluster2,non core,non DEG
ACVR2A,protein_coding,ENSG00000121989,No enriched GO,No_kegg,control_cluster2,non core,non DEG
SERAC1,protein_coding,ENSG00000122335,No enriched GO,No_kegg,control_cluster2,non core,non DEG
ZNF205,protein_coding,ENSG00000122386,No enriched GO,No_kegg,control_cluster2,non core,non DEG
ODF2L,protein_coding,ENSG00000122417,No enriched GO,No_kegg,control_cluster2,non core,non DEG
NXPH1,protein_coding,ENSG00000122584,No enriched GO,No_kegg,control_cluster2,non core,non DEG
NT5C3A,protein_coding,ENSG00000122643,No enriched GO,No_kegg,control_cluster2,non core,non DEG
POLM,protein_coding,ENSG00000122678,No enriched GO,No_kegg,control_cluster2,non core,non DEG
RAMP3,protein_coding,ENSG00000122679,No enriched GO,No_kegg,control_cluster2,non core,non DEG
DCAF10,protein_coding,ENSG00000122741,No enriched GO,No_kegg,control_cluster2,non core,non DEG
CNTFR,protein_coding,ENSG00000122756,No enriched GO,No_kegg,control_cluster2,non core,non DEG
CDKN2C,protein_coding,ENSG00000123080,No enriched GO,No_kegg,control_cluster2,non core,non DEG
CCDC91,protein_coding,ENSG00000123106,No enriched GO,No_kegg,control_cluster2,non core,non DEG
PKN1,protein_coding,ENSG00000123143,No enriched GO,No_kegg,control_cluster2,non core,non DEG
ADGRE5,protein_coding,ENSG00000123146,No enriched GO,No_kegg,control_cluster2,non core,non DEG
NLN,protein_coding,ENSG00000123213,No enriched GO,No_kegg,control_cluster2,non core,non DEG
COQ8B,protein_coding,ENSG00000123815,No enriched GO,No_kegg,control_cluster2,non core,non DEG
AGO2,protein_coding,ENSG00000123908,No enriched GO,No_kegg,control_cluster2,non core,non DEG
MXD4,protein_coding,ENSG00000123933,No enriched GO,No_kegg,control_cluster2,non core,non DEG
DNPEP,protein_coding,ENSG00000123992,No enriched GO,No_kegg,control_cluster2,non core,non DEG
SLC12A4,protein_coding,ENSG00000124067,No enriched GO,No_kegg,control_cluster2,non core,non DEG
PREX1,protein_coding,ENSG00000124126,Others,No_kegg,control_cluster2,non core,non DEG
PLCG1,protein_coding,ENSG00000124181,intracellular trafficking,No_kegg,control_cluster2,non core,non DEG
ZNFX1,protein_coding,ENSG00000124201,No enriched GO,No_kegg,control_cluster2,non core,non DEG
RNF114,protein_coding,ENSG00000124226,No enriched GO,No_kegg,control_cluster2,non core,non DEG
PAIP2B,protein_coding,ENSG00000124374,No enriched GO,No_kegg,control_cluster2,non core,non DEG
SERPINB6,protein_coding,ENSG00000124570,No enriched GO,No_kegg,control_cluster2,non core,non DEG
MOCS1,protein_coding,ENSG00000124615,No enriched GO,No_kegg,control_cluster2,non core,non DEG
MYRF-AS1,lncRNA,ENSG00000124915,No enriched GO,No_kegg,control_cluster2,non core,non DEG
MT1G,protein_coding,ENSG00000125144,No enriched GO,No_kegg,control_cluster2,non core,non DEG
MT2A,protein_coding,ENSG00000125148,No enriched GO,No_kegg,control_cluster2,non core,non DEG
SLC2A4RG,protein_coding,ENSG00000125520,No enriched GO,No_kegg,control_cluster2,non core,non DEG
GRIA3,protein_coding,ENSG00000125675,No enriched GO,No_kegg,control_cluster2,non core,non DEG
TRIP10,protein_coding,ENSG00000125733,No enriched GO,No_kegg,control_cluster2,non core,non DEG
GPR108,protein_coding,ENSG00000125734,No enriched GO,No_kegg,control_cluster2,non core,non DEG
EML2,protein_coding,ENSG00000125746,No enriched GO,No_kegg,control_cluster2,non core,non DEG
VASP,protein_coding,ENSG00000125753,Neurogenesis,No_kegg,control_cluster2,non core,non DEG
CENPB,protein_coding,ENSG00000125817,No enriched GO,No_kegg,control_cluster2,non core,non DEG
NKX2-2,protein_coding,ENSG00000125820,No enriched GO,No_kegg,control_cluster2,non core,non DEG
RRBP1,protein_coding,ENSG00000125844,No enriched GO,No_kegg,control_cluster2,non core,non DEG
TBC1D20,protein_coding,ENSG00000125875,Others,No_kegg,control_cluster2,non core,non DEG
MAX,protein_coding,ENSG00000125952,No enriched GO,No_kegg,control_cluster2,non core,non DEG
STAT5A,protein_coding,ENSG00000126561,No enriched GO,No_kegg,control_cluster2,non core,non DEG
INTS11,protein_coding,ENSG00000127054,No enriched GO,No_kegg,control_cluster2,non core,non DEG
ZNF484,protein_coding,ENSG00000127081,No enriched GO,No_kegg,control_cluster2,non core,non DEG
FGFRL1,protein_coding,ENSG00000127418,Neurogenesis,No_kegg,control_cluster2,non core,non DEG
KDR,protein_coding,ENSG00000128052,intracellular trafficking,No_kegg,control_cluster2,non core,non DEG
CDC42EP1,protein_coding,ENSG00000128283,No enriched GO,No_kegg,control_cluster2,non core,non DEG
APOL3,protein_coding,ENSG00000128284,No enriched GO,No_kegg,control_cluster2,non core,non DEG
MPST,protein_coding,ENSG00000128309,No enriched GO,No_kegg,control_cluster2,non core,non DEG
C22orf23,protein_coding,ENSG00000128346,No enriched GO,No_kegg,control_cluster2,non core,non DEG
FOXP2,protein_coding,ENSG00000128573,No enriched GO,No_kegg,control_cluster2,non core,non DEG
MTX2,protein_coding,ENSG00000128654,No enriched GO,No_kegg,control_cluster2,non core,non DEG
CGNL1,protein_coding,ENSG00000128849,No enriched GO,No_kegg,control_cluster2,non core,non DEG
DLL4,protein_coding,ENSG00000128917,No enriched GO,No_kegg,control_cluster2,non core,non DEG
PLD2,protein_coding,ENSG00000129219,intracellular trafficking,No_kegg,control_cluster2,non core,non DEG
KIF1C,protein_coding,ENSG00000129250,No enriched GO,No_kegg,control_cluster2,non core,non DEG
PHF20L1,protein_coding,ENSG00000129292,No enriched GO,No_kegg,control_cluster2,non core,non DEG
KRI1,protein_coding,ENSG00000129347,No enriched GO,No_kegg,control_cluster2,non core,non DEG
SLC44A2,protein_coding,ENSG00000129353,No enriched GO,No_kegg,control_cluster2,non core,non DEG
TEP1,protein_coding,ENSG00000129566,No enriched GO,No_kegg,control_cluster2,non core,non DEG
ITFG1,protein_coding,ENSG00000129636,No enriched GO,No_kegg,control_cluster2,non core,non DEG
FGF13,protein_coding,ENSG00000129682,No enriched GO,No_kegg,control_cluster2,non core,non DEG
PGAP6,protein_coding,ENSG00000129925,No enriched GO,No_kegg,control_cluster2,non core,non DEG
MAU2,protein_coding,ENSG00000129933,No enriched GO,No_kegg,control_cluster2,non core,non DEG
STARD8,protein_coding,ENSG00000130052,No enriched GO,No_kegg,control_cluster2,non core,non DEG
DOCK6,protein_coding,ENSG00000130158,Others,No_kegg,control_cluster2,non core,non DEG
PRKCSH,protein_coding,ENSG00000130175,No enriched GO,No_kegg,control_cluster2,non core,non DEG
NECTIN2,protein_coding,ENSG00000130202,Neurogenesis,No_kegg,control_cluster2,non core,non DEG
XPO7,protein_coding,ENSG00000130227,No enriched GO,No_kegg,control_cluster2,non core,non DEG
GDF1,protein_coding,ENSG00000130283,No enriched GO,No_kegg,control_cluster2,non core,non DEG
BST2,protein_coding,ENSG00000130303,No enriched GO,No_kegg,control_cluster2,non core,non DEG
COLGALT1,protein_coding,ENSG00000130309,No enriched GO,No_kegg,control_cluster2,non core,non DEG
LSM7,protein_coding,ENSG00000130332,No enriched GO,No_kegg,control_cluster2,non core,non DEG
ACTN4,protein_coding,ENSG00000130402,No enriched GO,No_kegg,control_cluster2,non core,non DEG
ARPC1B,protein_coding,ENSG00000130429,No enriched GO,No_kegg,control_cluster2,non core,non DEG
FCHO1,protein_coding,ENSG00000130475,No enriched GO,No_kegg,control_cluster2,non core,non DEG
PGPEP1,protein_coding,ENSG00000130517,No enriched GO,No_kegg,control_cluster2,non core,non DEG
UBAC1,protein_coding,ENSG00000130560,No enriched GO,No_kegg,control_cluster2,non core,non DEG
HELZ2,protein_coding,ENSG00000130589,No enriched GO,No_kegg,control_cluster2,non core,non DEG
ZC3H4,protein_coding,ENSG00000130749,No enriched GO,No_kegg,control_cluster2,non core,non DEG
GMFG,protein_coding,ENSG00000130755,No enriched GO,No_kegg,control_cluster2,non core,non DEG
HIP1R,protein_coding,ENSG00000130787,No enriched GO,No_kegg,control_cluster2,non core,non DEG
SLC6A8,protein_coding,ENSG00000130821,No enriched GO,No_kegg,control_cluster2,non core,non DEG
PLXNA3,protein_coding,ENSG00000130827,"Neurogenesis,Others",No_kegg,control_cluster2,non core,non DEG
RAB11FIP4,protein_coding,ENSG00000131242,No enriched GO,No_kegg,control_cluster2,non core,non DEG
TBC1D5,protein_coding,ENSG00000131374,Others,No_kegg,control_cluster2,non core,non DEG
MGAT1,protein_coding,ENSG00000131446,No enriched GO,No_kegg,control_cluster2,non core,non DEG
PSMC3IP,protein_coding,ENSG00000131470,No enriched GO,No_kegg,control_cluster2,non core,non DEG
EXOC4,protein_coding,ENSG00000131558,No enriched GO,No_kegg,control_cluster2,non core,non DEG
NINJ1,protein_coding,ENSG00000131669,No enriched GO,No_kegg,control_cluster2,non core,non DEG
KHDRBS3,protein_coding,ENSG00000131773,No enriched GO,No_kegg,control_cluster2,non core,non DEG
LLGL1,protein_coding,ENSG00000131899,No enriched GO,No_kegg,control_cluster2,non core,non DEG
CARD6,protein_coding,ENSG00000132357,No enriched GO,No_kegg,control_cluster2,non core,non DEG
ITGB4,protein_coding,ENSG00000132470,No enriched GO,No_kegg,control_cluster2,non core,non DEG
TRIM47,protein_coding,ENSG00000132481,No enriched GO,No_kegg,control_cluster2,non core,non DEG
MTSS2,protein_coding,ENSG00000132613,Others,No_kegg,control_cluster2,non core,non DEG
HSPA12B,protein_coding,ENSG00000132622,No enriched GO,No_kegg,control_cluster2,non core,non DEG
PCED1A,protein_coding,ENSG00000132635,No enriched GO,No_kegg,control_cluster2,non core,non DEG
NES,protein_coding,ENSG00000132688,No enriched GO,No_kegg,control_cluster2,non core,non DEG
BCAN,protein_coding,ENSG00000132692,No enriched GO,No_kegg,control_cluster2,non core,non DEG
MUTYH,protein_coding,ENSG00000132781,No enriched GO,No_kegg,control_cluster2,non core,non DEG
CHRM3,protein_coding,ENSG00000133019,No enriched GO,kegg,control_cluster2,non core,non DEG
MPRIP,protein_coding,ENSG00000133030,No enriched GO,No_kegg,control_cluster2,non core,non DEG
TMCC2,protein_coding,ENSG00000133069,No enriched GO,No_kegg,control_cluster2,non core,non DEG
DCLK1,protein_coding,ENSG00000133083,No enriched GO,No_kegg,control_cluster2,non core,non DEG
COG6,protein_coding,ENSG00000133103,No enriched GO,No_kegg,control_cluster2,non core,non DEG
RNF128,protein_coding,ENSG00000133135,No enriched GO,No_kegg,control_cluster2,non core,non DEG
PDE6B,protein_coding,ENSG00000133256,No enriched GO,No_kegg,control_cluster2,non core,non DEG
SLF1,protein_coding,ENSG00000133302,No enriched GO,No_kegg,control_cluster2,core,non DEG
ACTR3B,protein_coding,ENSG00000133627,No enriched GO,No_kegg,control_cluster2,non core,non DEG
DPF2,protein_coding,ENSG00000133884,No enriched GO,No_kegg,control_cluster2,non core,non DEG
CNTN6,protein_coding,ENSG00000134115,Neurogenesis,No_kegg,control_cluster2,non core,non DEG
ROCK2,protein_coding,ENSG00000134318,No enriched GO,No_kegg,control_cluster2,non core,non DEG
ANO3,protein_coding,ENSG00000134343,No enriched GO,No_kegg,control_cluster2,non core,non DEG
RELCH,protein_coding,ENSG00000134444,No enriched GO,No_kegg,control_cluster2,core,non DEG
RBM17,protein_coding,ENSG00000134453,No enriched GO,No_kegg,control_cluster2,non core,non DEG
CCNH,protein_coding,ENSG00000134480,No enriched GO,No_kegg,control_cluster2,non core,non DEG
LRP4,protein_coding,ENSG00000134569,No enriched GO,No_kegg,control_cluster2,non core,non DEG
DDB2,protein_coding,ENSG00000134574,No enriched GO,No_kegg,control_cluster2,non core,non DEG
HOOK1,protein_coding,ENSG00000134709,No enriched GO,No_kegg,control_cluster2,core,non DEG
PRPF38A,protein_coding,ENSG00000134748,No enriched GO,No_kegg,control_cluster2,non core,non DEG
SLC43A3,protein_coding,ENSG00000134802,No enriched GO,No_kegg,control_cluster2,non core,non DEG
CLOCK,protein_coding,ENSG00000134852,No enriched GO,No_kegg,control_cluster2,non core,non DEG
NREP,protein_coding,ENSG00000134986,No enriched GO,No_kegg,control_cluster2,non core,non DEG
PSAT1,protein_coding,ENSG00000135069,No enriched GO,No_kegg,control_cluster2,non core,non DEG
P2RX4,protein_coding,ENSG00000135124,No enriched GO,No_kegg,control_cluster2,non core,non DEG
MRAP2,protein_coding,ENSG00000135324,No enriched GO,No_kegg,control_cluster2,non core,non DEG
EPHA7,protein_coding,ENSG00000135333,Neurogenesis,No_kegg,control_cluster2,non core,non DEG
ORC3,protein_coding,ENSG00000135336,No enriched GO,No_kegg,control_cluster2,non core,non DEG
LCA5,protein_coding,ENSG00000135338,No enriched GO,No_kegg,control_cluster2,non core,non DEG
GDF11,protein_coding,ENSG00000135414,No enriched GO,No_kegg,control_cluster2,non core,non DEG
AHI1,protein_coding,ENSG00000135541,No enriched GO,No_kegg,control_cluster2,non core,non DEG
HEY2,protein_coding,ENSG00000135547,No enriched GO,No_kegg,control_cluster2,non core,non DEG
PKIB,protein_coding,ENSG00000135549,No enriched GO,No_kegg,control_cluster2,non core,non DEG
USP15,protein_coding,ENSG00000135655,No enriched GO,No_kegg,control_cluster2,non core,non DEG
DYNC1LI2,protein_coding,ENSG00000135720,No enriched GO,No_kegg,control_cluster2,non core,non DEG
CAPN9,protein_coding,ENSG00000135773,No enriched GO,No_kegg,control_cluster2,non core,non DEG
TMBIM1,protein_coding,ENSG00000135926,No enriched GO,No_kegg,control_cluster2,non core,non DEG
SLC41A2,protein_coding,ENSG00000136052,No enriched GO,No_kegg,control_cluster2,non core,non DEG
RNASEH2B,protein_coding,ENSG00000136104,No enriched GO,No_kegg,control_cluster2,non core,non DEG
LMO7,protein_coding,ENSG00000136153,No enriched GO,No_kegg,control_cluster2,non core,non DEG
SETDB2,protein_coding,ENSG00000136169,No enriched GO,No_kegg,control_cluster2,non core,non DEG
BZW2,protein_coding,ENSG00000136261,No enriched GO,No_kegg,control_cluster2,non core,non DEG
DGKB,protein_coding,ENSG00000136267,No enriched GO,No_kegg,control_cluster2,non core,non DEG
CALCOCO2,protein_coding,ENSG00000136436,No enriched GO,No_kegg,control_cluster2,non core,non DEG
SCN7A,protein_coding,ENSG00000136546,No enriched GO,No_kegg,control_cluster2,non core,non DEG
VPS45,protein_coding,ENSG00000136631,No enriched GO,No_kegg,control_cluster2,non core,non DEG
ZNG1B,protein_coding,ENSG00000136682,No enriched GO,No_kegg,control_cluster2,non core,non DEG
SMPD4,protein_coding,ENSG00000136699,No enriched GO,No_kegg,control_cluster2,non core,non DEG
BIN1,protein_coding,ENSG00000136717,Others,No_kegg,control_cluster2,non core,non DEG
GYPC,protein_coding,ENSG00000136732,No enriched GO,No_kegg,control_cluster2,non core,non DEG
NIBAN2,protein_coding,ENSG00000136830,Neurogenesis,No_kegg,control_cluster2,non core,non DEG
FPGS,protein_coding,ENSG00000136877,No enriched GO,No_kegg,control_cluster2,non core,non DEG
BAAT,protein_coding,ENSG00000136881,No enriched GO,No_kegg,control_cluster2,non core,non DEG
GOLGA1,protein_coding,ENSG00000136935,No enriched GO,No_kegg,control_cluster2,non core,non DEG
ANP32B,protein_coding,ENSG00000136938,No enriched GO,No_kegg,control_cluster2,non core,non DEG
TLN1,protein_coding,ENSG00000137076,No enriched GO,No_kegg,control_cluster2,non core,non DEG
CNPY3,protein_coding,ENSG00000137161,No enriched GO,No_kegg,control_cluster2,non core,non DEG
TJAP1,protein_coding,ENSG00000137221,No enriched GO,No_kegg,control_cluster2,non core,non DEG
TAF8,protein_coding,ENSG00000137413,No enriched GO,No_kegg,control_cluster2,non core,non DEG
ANKRD42,protein_coding,ENSG00000137494,No enriched GO,No_kegg,control_cluster2,non core,non DEG
IL18BP,protein_coding,ENSG00000137496,No enriched GO,No_kegg,control_cluster2,non core,non DEG
NUMA1,protein_coding,ENSG00000137497,No enriched GO,No_kegg,control_cluster2,non core,non DEG
LRRC32,protein_coding,ENSG00000137507,No enriched GO,No_kegg,control_cluster2,non core,non DEG
ARHGAP20,protein_coding,ENSG00000137727,No enriched GO,No_kegg,control_cluster2,non core,non DEG
ALKBH8,protein_coding,ENSG00000137760,No enriched GO,No_kegg,control_cluster2,non core,non DEG
RPLP1,protein_coding,ENSG00000137818,No enriched GO,No_kegg,control_cluster2,non core,non DEG
LRRC49,protein_coding,ENSG00000137821,No enriched GO,No_kegg,control_cluster2,non core,non DEG
DUOX1,protein_coding,ENSG00000137857,No enriched GO,No_kegg,control_cluster2,non core,non DEG
SLC44A5,protein_coding,ENSG00000137968,No enriched GO,No_kegg,control_cluster2,non core,non DEG
DYNC2LI1,protein_coding,ENSG00000138036,No enriched GO,No_kegg,control_cluster2,non core,non DEG
EMILIN1,protein_coding,ENSG00000138080,No enriched GO,No_kegg,control_cluster2,non core,non DEG
FBXO11,protein_coding,ENSG00000138081,No enriched GO,No_kegg,control_cluster2,non core,non DEG
EXOC6,protein_coding,ENSG00000138190,No enriched GO,No_kegg,control_cluster2,non core,non DEG
STAT4,protein_coding,ENSG00000138378,No enriched GO,No_kegg,control_cluster2,non core,non DEG
MDH1B,protein_coding,ENSG00000138400,No enriched GO,No_kegg,control_cluster2,non core,non DEG
OLA1,protein_coding,ENSG00000138430,No enriched GO,No_kegg,control_cluster2,core,non DEG
EGF,protein_coding,ENSG00000138798,intracellular trafficking,No_kegg,control_cluster2,non core,non DEG
PPP3CA,protein_coding,ENSG00000138814,No enriched GO,kegg,control_cluster2,non core,non DEG
RGS3,protein_coding,ENSG00000138835,No enriched GO,No_kegg,control_cluster2,non core,non DEG
GUCD1,protein_coding,ENSG00000138867,No enriched GO,No_kegg,control_cluster2,non core,non DEG
CPNE8,protein_coding,ENSG00000139117,No enriched GO,No_kegg,control_cluster2,non core,non DEG
PPFIA2,protein_coding,ENSG00000139220,No enriched GO,No_kegg,control_cluster2,non core,non DEG
ASCL1,protein_coding,ENSG00000139352,No enriched GO,No_kegg,control_cluster2,non core,non DEG
ACVRL1,protein_coding,ENSG00000139567,No enriched GO,No_kegg,control_cluster2,non core,non DEG
N4BP2L1,protein_coding,ENSG00000139597,No enriched GO,No_kegg,control_cluster2,non core,non DEG
CDH24,protein_coding,ENSG00000139880,Neurogenesis,No_kegg,control_cluster2,non core,non DEG
NOVA1,protein_coding,ENSG00000139910,No enriched GO,No_kegg,control_cluster2,non core,non DEG
SYT16,protein_coding,ENSG00000139973,No enriched GO,No_kegg,control_cluster2,non core,non DEG
KCNH5,protein_coding,ENSG00000140015,No enriched GO,No_kegg,control_cluster2,non core,non DEG
STON2,protein_coding,ENSG00000140022,No enriched GO,No_kegg,control_cluster2,non core,non DEG
SLC27A2,protein_coding,ENSG00000140284,No enriched GO,No_kegg,control_cluster2,non core,non DEG
ANP32A,protein_coding,ENSG00000140350,No enriched GO,No_kegg,control_cluster2,non core,non DEG
PML,protein_coding,ENSG00000140464,No enriched GO,No_kegg,control_cluster2,non core,non DEG
SCAMP2,protein_coding,ENSG00000140497,No enriched GO,No_kegg,control_cluster2,non core,non DEG
ZNF710,protein_coding,ENSG00000140548,No enriched GO,No_kegg,control_cluster2,non core,non DEG
FTO,protein_coding,ENSG00000140718,No enriched GO,No_kegg,control_cluster2,non core,non DEG
NKD1,protein_coding,ENSG00000140807,No enriched GO,No_kegg,control_cluster2,non core,non DEG
KIFC3,protein_coding,ENSG00000140859,No enriched GO,No_kegg,control_cluster2,non core,non DEG
CMTM3,protein_coding,ENSG00000140931,No enriched GO,No_kegg,control_cluster2,non core,non DEG
NOL3,protein_coding,ENSG00000140939,No enriched GO,No_kegg,control_cluster2,non core,non DEG
OSGIN1,protein_coding,ENSG00000140961,No enriched GO,No_kegg,control_cluster2,non core,non DEG
ZSCAN32,protein_coding,ENSG00000140987,No enriched GO,No_kegg,control_cluster2,non core,non DEG
TAF4B,protein_coding,ENSG00000141384,No enriched GO,No_kegg,control_cluster2,non core,non DEG
ASXL3,protein_coding,ENSG00000141431,No enriched GO,No_kegg,control_cluster2,non core,non DEG
TP53,protein_coding,ENSG00000141510,No enriched GO,No_kegg,control_cluster2,non core,non DEG
RAB40B,protein_coding,ENSG00000141542,No enriched GO,No_kegg,control_cluster2,non core,non DEG
FOXK2,protein_coding,ENSG00000141568,No enriched GO,No_kegg,control_cluster2,non core,non DEG
TRIM65,protein_coding,ENSG00000141569,No enriched GO,No_kegg,control_cluster2,non core,non DEG
CBLN2,protein_coding,ENSG00000141668,No enriched GO,No_kegg,control_cluster2,non core,non DEG
ERBB2,protein_coding,ENSG00000141736,"intracellular trafficking,Neurogenesis,Others",No_kegg,control_cluster2,non core,non DEG
FKBP10,protein_coding,ENSG00000141756,No enriched GO,No_kegg,control_cluster2,non core,non DEG
SAMD1,protein_coding,ENSG00000141858,No enriched GO,No_kegg,control_cluster2,non core,non DEG
MVB12A,protein_coding,ENSG00000141971,No enriched GO,No_kegg,control_cluster2,non core,non DEG
CCDC97,protein_coding,ENSG00000142039,No enriched GO,No_kegg,control_cluster2,non core,non DEG
IFITM3,protein_coding,ENSG00000142089,No enriched GO,No_kegg,control_cluster2,non core,non DEG
PGGHG,protein_coding,ENSG00000142102,No enriched GO,No_kegg,control_cluster2,non core,non DEG
COL6A2,protein_coding,ENSG00000142173,No enriched GO,No_kegg,control_cluster2,non core,non DEG
AKT1,protein_coding,ENSG00000142208,intracellular trafficking,kegg,control_cluster2,non core,non DEG
EMP3,protein_coding,ENSG00000142227,No enriched GO,No_kegg,control_cluster2,non core,non DEG
RNPEPL1,protein_coding,ENSG00000142327,No enriched GO,No_kegg,control_cluster2,core,non DEG
EVI5L,protein_coding,ENSG00000142459,Others,No_kegg,control_cluster2,non core,non DEG
EPHA2,protein_coding,ENSG00000142627,Others,No_kegg,control_cluster2,non core,non DEG
MAP3K6,protein_coding,ENSG00000142733,No enriched GO,No_kegg,control_cluster2,non core,non DEG
HSPG2,protein_coding,ENSG00000142798,No enriched GO,No_kegg,control_cluster2,non core,non DEG
ITGB3BP,protein_coding,ENSG00000142856,No enriched GO,No_kegg,control_cluster2,non core,non DEG
TINAGL1,protein_coding,ENSG00000142910,No enriched GO,No_kegg,control_cluster2,non core,non DEG
MOB3C,protein_coding,ENSG00000142961,No enriched GO,No_kegg,control_cluster2,non core,non DEG
ITGA10,protein_coding,ENSG00000143127,No enriched GO,No_kegg,control_cluster2,non core,Up-regulated
DCAF6,protein_coding,ENSG00000143164,No enriched GO,No_kegg,control_cluster2,core,non DEG
MAEL,protein_coding,ENSG00000143194,No enriched GO,No_kegg,control_cluster2,non core,non DEG
COP1,protein_coding,ENSG00000143207,No enriched GO,No_kegg,control_cluster2,non core,non DEG
USP21,protein_coding,ENSG00000143258,No enriched GO,No_kegg,control_cluster2,non core,non DEG
METTL25B,protein_coding,ENSG00000143303,No enriched GO,No_kegg,control_cluster2,non core,non DEG
HDGF,protein_coding,ENSG00000143321,No enriched GO,No_kegg,control_cluster2,non core,non DEG
XPR1,protein_coding,ENSG00000143324,No enriched GO,No_kegg,control_cluster2,non core,non DEG
MINDY1,protein_coding,ENSG00000143409,No enriched GO,No_kegg,control_cluster2,non core,non DEG
CERS2,protein_coding,ENSG00000143418,No enriched GO,No_kegg,control_cluster2,non core,non DEG
SYT14,protein_coding,ENSG00000143469,No enriched GO,No_kegg,control_cluster2,non core,non DEG
ITPKB,protein_coding,ENSG00000143772,No enriched GO,No_kegg,control_cluster2,non core,Up-regulated
EPHX1,protein_coding,ENSG00000143819,No enriched GO,No_kegg,control_cluster2,non core,non DEG
GDF7,protein_coding,ENSG00000143869,Neurogenesis,No_kegg,control_cluster2,non core,non DEG
HNRNPLL,protein_coding,ENSG00000143889,No enriched GO,No_kegg,control_cluster2,non core,non DEG
TEX261,protein_coding,ENSG00000144043,No enriched GO,No_kegg,control_cluster2,non core,non DEG
ZC3H8,protein_coding,ENSG00000144161,No enriched GO,No_kegg,control_cluster2,non core,non DEG
NXPH2,protein_coding,ENSG00000144227,No enriched GO,No_kegg,control_cluster2,non core,non DEG
SLC4A10,protein_coding,ENSG00000144290,No enriched GO,No_kegg,control_cluster2,non core,non DEG
UBR3,protein_coding,ENSG00000144357,No enriched GO,No_kegg,control_cluster2,non core,non DEG
GULP1,protein_coding,ENSG00000144366,No enriched GO,No_kegg,control_cluster2,non core,non DEG
NYAP2,protein_coding,ENSG00000144460,intracellular trafficking,No_kegg,control_cluster2,non core,non DEG
CTDSP1,protein_coding,ENSG00000144579,No enriched GO,No_kegg,control_cluster2,non core,non DEG
GMPPA,protein_coding,ENSG00000144591,No enriched GO,No_kegg,control_cluster2,non core,non DEG
TRPC1,protein_coding,ENSG00000144935,No enriched GO,No_kegg,control_cluster2,non core,non DEG
,lncRNA,ENSG00000145075,No enriched GO,No_kegg,control_cluster2,non core,non DEG
SLIT2,protein_coding,ENSG00000145147,Neurogenesis,No_kegg,control_cluster2,non core,non DEG
EPHA5,protein_coding,ENSG00000145242,"Neurogenesis,Others",No_kegg,control_cluster2,non core,non DEG
CAMK2D,protein_coding,ENSG00000145349,No enriched GO,No_kegg,control_cluster2,non core,non DEG
NAF1,protein_coding,ENSG00000145414,No enriched GO,No_kegg,control_cluster2,non core,non DEG
RNF175,protein_coding,ENSG00000145428,No enriched GO,No_kegg,control_cluster2,non core,non DEG
CDH18,protein_coding,ENSG00000145526,Neurogenesis,No_kegg,control_cluster2,non core,non DEG
MYO10,protein_coding,ENSG00000145555,No enriched GO,No_kegg,control_cluster2,non core,non DEG
SSBP2,protein_coding,ENSG00000145687,No enriched GO,No_kegg,control_cluster2,non core,non DEG
PPIP5K2,protein_coding,ENSG00000145725,No enriched GO,No_kegg,control_cluster2,non core,non DEG
PAM,protein_coding,ENSG00000145730,No enriched GO,No_kegg,control_cluster2,core,non DEG
FBXL17,protein_coding,ENSG00000145743,No enriched GO,No_kegg,control_cluster2,non core,non DEG
GABRA6,protein_coding,ENSG00000145863,No enriched GO,No_kegg,control_cluster2,non core,non DEG
TNIP1,protein_coding,ENSG00000145901,No enriched GO,No_kegg,control_cluster2,non core,non DEG
MYLK4,protein_coding,ENSG00000145949,No enriched GO,No_kegg,control_cluster2,non core,non DEG
TRIM41,protein_coding,ENSG00000146063,No enriched GO,No_kegg,control_cluster2,non core,non DEG
PLA2G7,protein_coding,ENSG00000146070,No enriched GO,No_kegg,control_cluster2,non core,non DEG
PPP1R18,protein_coding,ENSG00000146112,No enriched GO,No_kegg,control_cluster2,non core,non DEG
MLIP,protein_coding,ENSG00000146147,No enriched GO,No_kegg,control_cluster2,non core,non DEG
HMGCLL1,protein_coding,ENSG00000146151,No enriched GO,No_kegg,control_cluster2,non core,non DEG
TBC1D32,protein_coding,ENSG00000146350,No enriched GO,No_kegg,control_cluster2,non core,non DEG
DYNLT1,protein_coding,ENSG00000146425,No enriched GO,No_kegg,control_cluster2,non core,non DEG
SLC12A9,protein_coding,ENSG00000146828,No enriched GO,No_kegg,control_cluster2,non core,non DEG
GIGYF1,protein_coding,ENSG00000146830,No enriched GO,No_kegg,control_cluster2,non core,non DEG
DENND2A,protein_coding,ENSG00000146966,No enriched GO,No_kegg,control_cluster2,non core,non DEG
LANCL3,protein_coding,ENSG00000147036,No enriched GO,No_kegg,control_cluster2,non core,non DEG
MSN,protein_coding,ENSG00000147065,No enriched GO,No_kegg,control_cluster2,non core,non DEG
NSD3,protein_coding,ENSG00000147548,No enriched GO,No_kegg,control_cluster2,non core,non DEG
SYBU,protein_coding,ENSG00000147642,No enriched GO,No_kegg,control_cluster2,non core,non DEG
LRP12,protein_coding,ENSG00000147650,No enriched GO,No_kegg,control_cluster2,non core,non DEG
CRB2,protein_coding,ENSG00000148204,Neurogenesis,No_kegg,control_cluster2,non core,non DEG
ALAD,protein_coding,ENSG00000148218,No enriched GO,No_kegg,control_cluster2,non core,non DEG
MED22,protein_coding,ENSG00000148297,No enriched GO,No_kegg,control_cluster2,non core,non DEG
GTF3C5,protein_coding,ENSG00000148308,No enriched GO,No_kegg,control_cluster2,non core,non DEG
NOTCH1,protein_coding,ENSG00000148400,Neurogenesis,No_kegg,control_cluster2,non core,non DEG
NACC2,protein_coding,ENSG00000148411,No enriched GO,No_kegg,control_cluster2,non core,non DEG
ADIRF,protein_coding,ENSG00000148671,No enriched GO,No_kegg,control_cluster2,non core,non DEG
DNAJB12,protein_coding,ENSG00000148719,No enriched GO,No_kegg,control_cluster2,non core,non DEG
ITPRIP,protein_coding,ENSG00000148841,No enriched GO,No_kegg,control_cluster2,non core,non DEG
ZNF214,protein_coding,ENSG00000149050,No enriched GO,No_kegg,control_cluster2,non core,non DEG
ZNF215,protein_coding,ENSG00000149054,No enriched GO,No_kegg,control_cluster2,non core,Down-regulated
TNKS1BP1,protein_coding,ENSG00000149115,No enriched GO,No_kegg,control_cluster2,non core,non DEG
ROM1,protein_coding,ENSG00000149489,No enriched GO,No_kegg,control_cluster2,non core,non DEG
EML3,protein_coding,ENSG00000149499,No enriched GO,No_kegg,control_cluster2,non core,non DEG
ESAM,protein_coding,ENSG00000149564,Neurogenesis,No_kegg,control_cluster2,non core,non DEG
SIDT2,protein_coding,ENSG00000149577,No enriched GO,No_kegg,control_cluster2,non core,non DEG
TAGLN,protein_coding,ENSG00000149591,No enriched GO,No_kegg,control_cluster2,non core,non DEG
FERMT3,protein_coding,ENSG00000149781,No enriched GO,No_kegg,control_cluster2,non core,non DEG
PLCB3,protein_coding,ENSG00000149782,intracellular trafficking,kegg,control_cluster2,non core,non DEG
CDC42EP2,protein_coding,ENSG00000149798,No enriched GO,No_kegg,control_cluster2,non core,non DEG
PPP4C,protein_coding,ENSG00000149923,No enriched GO,No_kegg,control_cluster2,non core,non DEG
CNKSR2,protein_coding,ENSG00000149970,No enriched GO,No_kegg,control_cluster2,non core,non DEG
MKX,protein_coding,ENSG00000150051,No enriched GO,No_kegg,control_cluster2,non core,non DEG
CDH8,protein_coding,ENSG00000150394,Neurogenesis,No_kegg,control_cluster2,non core,non DEG
LATS2,protein_coding,ENSG00000150457,No enriched GO,No_kegg,control_cluster2,non core,non DEG
WDR17,protein_coding,ENSG00000150627,No enriched GO,No_kegg,control_cluster2,non core,non DEG
GPR158,protein_coding,ENSG00000151025,No enriched GO,No_kegg,control_cluster2,non core,non DEG
THRB,protein_coding,ENSG00000151090,No enriched GO,No_kegg,control_cluster2,non core,non DEG
NGLY1,protein_coding,ENSG00000151092,No enriched GO,No_kegg,control_cluster2,non core,non DEG
DLG5,protein_coding,ENSG00000151208,No enriched GO,No_kegg,control_cluster2,non core,non DEG
SLC2A13,protein_coding,ENSG00000151229,No enriched GO,No_kegg,control_cluster2,non core,non DEG
EXT2,protein_coding,ENSG00000151348,No enriched GO,No_kegg,control_cluster2,non core,non DEG
PTPRO,protein_coding,ENSG00000151490,Neurogenesis,No_kegg,control_cluster2,non core,non DEG
NBAS,protein_coding,ENSG00000151779,No enriched GO,No_kegg,control_cluster2,non core,non DEG
ZNF385D,protein_coding,ENSG00000151789,No enriched GO,No_kegg,control_cluster2,non core,non DEG
TDO2,protein_coding,ENSG00000151790,No enriched GO,No_kegg,control_cluster2,non core,non DEG
PARP8,protein_coding,ENSG00000151883,No enriched GO,No_kegg,control_cluster2,non core,non DEG
RABGAP1L,protein_coding,ENSG00000152061,No enriched GO,No_kegg,control_cluster2,non core,non DEG
ARK2N,protein_coding,ENSG00000152242,No enriched GO,No_kegg,control_cluster2,non core,non DEG
ZFP36L2,protein_coding,ENSG00000152518,No enriched GO,No_kegg,control_cluster2,non core,non DEG
GRIA4,protein_coding,ENSG00000152578,No enriched GO,No_kegg,control_cluster2,non core,non DEG
SPEF2,protein_coding,ENSG00000152582,No enriched GO,No_kegg,control_cluster2,non core,non DEG
PANK1,protein_coding,ENSG00000152782,No enriched GO,No_kegg,control_cluster2,non core,non DEG
GRM1,protein_coding,ENSG00000152822,No enriched GO,No_kegg,control_cluster2,non core,non DEG
CARHSP1,protein_coding,ENSG00000153048,No enriched GO,No_kegg,control_cluster2,non core,non DEG
ANAPC1,protein_coding,ENSG00000153107,No enriched GO,No_kegg,control_cluster2,non core,non DEG
RGPD3,protein_coding,ENSG00000153165,No enriched GO,No_kegg,control_cluster2,non core,non DEG
SCN3A,protein_coding,ENSG00000153253,No enriched GO,No_kegg,control_cluster2,non core,non DEG
SLC25A27,protein_coding,ENSG00000153291,No enriched GO,No_kegg,control_cluster2,non core,non DEG
CYRIB,protein_coding,ENSG00000153310,No enriched GO,No_kegg,control_cluster2,non core,non DEG
FBXL2,protein_coding,ENSG00000153558,intracellular trafficking,No_kegg,control_cluster2,non core,non DEG
UBP1,protein_coding,ENSG00000153560,No enriched GO,No_kegg,control_cluster2,non core,non DEG
LGI4,protein_coding,ENSG00000153902,No enriched GO,No_kegg,control_cluster2,non core,non DEG
CACNA2D1,protein_coding,ENSG00000153956,No enriched GO,No_kegg,control_cluster2,non core,non DEG
ZUP1,protein_coding,ENSG00000153975,No enriched GO,No_kegg,control_cluster2,non core,non DEG
PPP2R5E,protein_coding,ENSG00000154001,No enriched GO,No_kegg,control_cluster2,non core,non DEG
ROBO4,protein_coding,ENSG00000154133,Neurogenesis,No_kegg,control_cluster2,non core,non DEG
ROBO3,protein_coding,ENSG00000154134,Neurogenesis,No_kegg,control_cluster2,non core,non DEG
ABCA5,protein_coding,ENSG00000154265,No enriched GO,No_kegg,control_cluster2,non core,non DEG
SRSF12,protein_coding,ENSG00000154548,No enriched GO,No_kegg,control_cluster2,non core,non DEG
ADAMTS1,protein_coding,ENSG00000154734,No enriched GO,No_kegg,control_cluster2,non core,non DEG
OXNAD1,protein_coding,ENSG00000154814,No enriched GO,No_kegg,control_cluster2,non core,non DEG
PLCL2,protein_coding,ENSG00000154822,No enriched GO,No_kegg,control_cluster2,non core,non DEG
CXXC1,protein_coding,ENSG00000154832,No enriched GO,No_kegg,control_cluster2,non core,non DEG
APCDD1,protein_coding,ENSG00000154856,No enriched GO,No_kegg,control_cluster2,non core,non DEG
ACSS1,protein_coding,ENSG00000154930,No enriched GO,No_kegg,control_cluster2,non core,non DEG
ANKRD40,protein_coding,ENSG00000154945,No enriched GO,No_kegg,control_cluster2,non core,non DEG
APOOL,protein_coding,ENSG00000155008,No enriched GO,No_kegg,control_cluster2,non core,non DEG
TTC39B,protein_coding,ENSG00000155158,No enriched GO,No_kegg,control_cluster2,non core,non DEG
USP25,protein_coding,ENSG00000155313,No enriched GO,No_kegg,control_cluster2,non core,non DEG
RHOC,protein_coding,ENSG00000155366,No enriched GO,No_kegg,control_cluster2,non core,non DEG
DBI,protein_coding,ENSG00000155368,No enriched GO,No_kegg,control_cluster2,non core,non DEG
RASA2,protein_coding,ENSG00000155903,Others,No_kegg,control_cluster2,non core,non DEG
AFF2,protein_coding,ENSG00000155966,No enriched GO,No_kegg,control_cluster2,non core,non DEG
CARNMT1,protein_coding,ENSG00000156017,No enriched GO,No_kegg,control_cluster2,non core,non DEG
GNAQ,protein_coding,ENSG00000156052,No enriched GO,kegg,control_cluster2,non core,non DEG
ADAMTS3,protein_coding,ENSG00000156140,No enriched GO,No_kegg,control_cluster2,non core,non DEG
UNC5D,protein_coding,ENSG00000156687,Neurogenesis,No_kegg,control_cluster2,non core,non DEG
PRR14,protein_coding,ENSG00000156858,No enriched GO,No_kegg,control_cluster2,non core,non DEG
FBRS,protein_coding,ENSG00000156860,No enriched GO,No_kegg,control_cluster2,core,non DEG
VPS8,protein_coding,ENSG00000156931,No enriched GO,No_kegg,control_cluster2,non core,non DEG
B3GNT7,protein_coding,ENSG00000156966,No enriched GO,No_kegg,control_cluster2,non core,non DEG
SYN2,protein_coding,ENSG00000157152,No enriched GO,No_kegg,control_cluster2,non core,non DEG
CPT2,protein_coding,ENSG00000157184,No enriched GO,No_kegg,control_cluster2,non core,non DEG
NECAP2,protein_coding,ENSG00000157191,No enriched GO,No_kegg,control_cluster2,non core,non DEG
DHRS4,protein_coding,ENSG00000157326,No enriched GO,No_kegg,control_cluster2,non core,non DEG
DYRK1A,protein_coding,ENSG00000157540,No enriched GO,No_kegg,control_cluster2,non core,non DEG
DGKI,protein_coding,ENSG00000157680,No enriched GO,No_kegg,control_cluster2,non core,non DEG
BRAF,protein_coding,ENSG00000157764,No enriched GO,kegg,control_cluster2,non core,non DEG
LDLRAP1,protein_coding,ENSG00000157978,No enriched GO,No_kegg,control_cluster2,non core,non DEG
PPP1R9A,protein_coding,ENSG00000158528,No enriched GO,No_kegg,control_cluster2,non core,non DEG
DYNC1I1,protein_coding,ENSG00000158560,No enriched GO,No_kegg,control_cluster2,non core,non DEG
TAGLN2,protein_coding,ENSG00000158710,No enriched GO,No_kegg,control_cluster2,non core,non DEG
F11R,protein_coding,ENSG00000158769,Others,No_kegg,control_cluster2,non core,non DEG
DEDD,protein_coding,ENSG00000158796,No enriched GO,No_kegg,control_cluster2,non core,non DEG
ALDH4A1,protein_coding,ENSG00000159423,No enriched GO,No_kegg,control_cluster2,non core,non DEG
UBR1,protein_coding,ENSG00000159459,No enriched GO,No_kegg,control_cluster2,non core,non DEG
NAE1,protein_coding,ENSG00000159593,No enriched GO,kegg,control_cluster2,non core,non DEG
DFFA,protein_coding,ENSG00000160049,No enriched GO,No_kegg,control_cluster2,non core,non DEG
NDUFV3,protein_coding,ENSG00000160194,No enriched GO,kegg,control_cluster2,non core,non DEG
CBS,protein_coding,ENSG00000160200,No enriched GO,No_kegg,control_cluster2,non core,non DEG
RRP1B,protein_coding,ENSG00000160208,Others,No_kegg,control_cluster2,non core,non DEG
RALGDS,protein_coding,ENSG00000160271,Others,No_kegg,control_cluster2,non core,non DEG
CACFD1,protein_coding,ENSG00000160325,No enriched GO,No_kegg,control_cluster2,non core,non DEG
C19orf47,protein_coding,ENSG00000160392,No enriched GO,No_kegg,control_cluster2,non core,non DEG
SHKBP1,protein_coding,ENSG00000160410,No enriched GO,No_kegg,control_cluster2,non core,non DEG
PCSK7,protein_coding,ENSG00000160613,No enriched GO,No_kegg,control_cluster2,non core,non DEG
S100A1,protein_coding,ENSG00000160678,No enriched GO,No_kegg,control_cluster2,non core,non DEG
ZBTB7B,protein_coding,ENSG00000160685,No enriched GO,No_kegg,control_cluster2,non core,non DEG
SHC1,protein_coding,ENSG00000160691,No enriched GO,No_kegg,control_cluster2,non core,non DEG
CRTC2,protein_coding,ENSG00000160741,No enriched GO,No_kegg,control_cluster2,non core,non DEG
PAQR6,protein_coding,ENSG00000160781,No enriched GO,No_kegg,control_cluster2,non core,non DEG
PMF1,protein_coding,ENSG00000160783,No enriched GO,No_kegg,control_cluster2,non core,non DEG
LMNA,protein_coding,ENSG00000160789,No enriched GO,No_kegg,control_cluster2,non core,non DEG
PTH1R,protein_coding,ENSG00000160801,No enriched GO,No_kegg,control_cluster2,non core,non DEG
AZGP1,protein_coding,ENSG00000160862,No enriched GO,No_kegg,control_cluster2,non core,non DEG
MFSD12,protein_coding,ENSG00000161091,No enriched GO,No_kegg,control_cluster2,non core,non DEG
DVL3,protein_coding,ENSG00000161202,Others,kegg,control_cluster2,non core,non DEG
PCYT1A,protein_coding,ENSG00000161217,No enriched GO,No_kegg,control_cluster2,non core,non DEG
THAP8,protein_coding,ENSG00000161277,No enriched GO,No_kegg,control_cluster2,non core,non DEG
ZNF382,protein_coding,ENSG00000161298,No enriched GO,No_kegg,control_cluster2,non core,non DEG
SAP30BP,protein_coding,ENSG00000161526,No enriched GO,No_kegg,control_cluster2,non core,non DEG
ITGA5,protein_coding,ENSG00000161638,Neurogenesis,No_kegg,control_cluster2,non core,non DEG
PLCD3,protein_coding,ENSG00000161714,No enriched GO,No_kegg,control_cluster2,non core,non DEG
SYCE2,protein_coding,ENSG00000161860,No enriched GO,No_kegg,control_cluster2,non core,non DEG
TNFSF13,protein_coding,ENSG00000161955,No enriched GO,No_kegg,control_cluster2,non core,non DEG
WDR90,protein_coding,ENSG00000161996,No enriched GO,No_kegg,control_cluster2,non core,non DEG
CYB561A3,protein_coding,ENSG00000162144,No enriched GO,No_kegg,control_cluster2,non core,non DEG
SYVN1,protein_coding,ENSG00000162298,No enriched GO,No_kegg,control_cluster2,non core,non DEG
BEND5,protein_coding,ENSG00000162373,No enriched GO,No_kegg,control_cluster2,non core,non DEG
GMEB1,protein_coding,ENSG00000162419,No enriched GO,No_kegg,control_cluster2,non core,non DEG
FBLIM1,protein_coding,ENSG00000162458,No enriched GO,No_kegg,control_cluster2,non core,non DEG
SDC3,protein_coding,ENSG00000162512,No enriched GO,No_kegg,control_cluster2,non core,non DEG
ALPL,protein_coding,ENSG00000162551,No enriched GO,No_kegg,control_cluster2,non core,non DEG
MYSM1,protein_coding,ENSG00000162601,No enriched GO,No_kegg,control_cluster2,non core,non DEG
KCNT2,protein_coding,ENSG00000162687,No enriched GO,No_kegg,control_cluster2,non core,non DEG
VANGL2,protein_coding,ENSG00000162738,No enriched GO,No_kegg,control_cluster2,non core,non DEG
MAPKAPK2,protein_coding,ENSG00000162889,No enriched GO,No_kegg,control_cluster2,non core,non DEG
RFTN2,protein_coding,ENSG00000162944,No enriched GO,No_kegg,control_cluster2,non core,non DEG
KCNJ3,protein_coding,ENSG00000162989,No enriched GO,No_kegg,control_cluster2,non core,non DEG
MSX1,protein_coding,ENSG00000163132,No enriched GO,No_kegg,control_cluster2,non core,non DEG
PBXIP1,protein_coding,ENSG00000163346,No enriched GO,No_kegg,control_cluster2,non core,non DEG
TMEM79,protein_coding,ENSG00000163472,No enriched GO,No_kegg,control_cluster2,non core,non DEG
NEK10,protein_coding,ENSG00000163491,No enriched GO,No_kegg,control_cluster2,non core,non DEG
PPM1L,protein_coding,ENSG00000163590,No enriched GO,No_kegg,control_cluster2,non core,non DEG
CADPS,protein_coding,ENSG00000163618,No enriched GO,No_kegg,control_cluster2,non core,non DEG
SYNPR,protein_coding,ENSG00000163630,No enriched GO,No_kegg,control_cluster2,non core,non DEG
THOC7,protein_coding,ENSG00000163634,No enriched GO,No_kegg,control_cluster2,non core,non DEG
IL17RC,protein_coding,ENSG00000163702,No enriched GO,No_kegg,control_cluster2,non core,non DEG
SNRK,protein_coding,ENSG00000163788,No enriched GO,No_kegg,control_cluster2,non core,non DEG
KLF15,protein_coding,ENSG00000163884,No enriched GO,No_kegg,control_cluster2,non core,non DEG
HEYL,protein_coding,ENSG00000163909,No enriched GO,No_kegg,control_cluster2,non core,non DEG
SLC51A,protein_coding,ENSG00000163959,No enriched GO,No_kegg,control_cluster2,non core,non DEG
PLXNB1,protein_coding,ENSG00000164050,"intracellular trafficking,Neurogenesis,Others",No_kegg,control_cluster2,non core,non DEG
PRSS12,protein_coding,ENSG00000164099,No enriched GO,No_kegg,control_cluster2,non core,non DEG
NDST3,protein_coding,ENSG00000164100,No enriched GO,No_kegg,control_cluster2,non core,non DEG
NPY1R,protein_coding,ENSG00000164128,No enriched GO,No_kegg,control_cluster2,non core,non DEG
HTR4,protein_coding,ENSG00000164270,No enriched GO,No_kegg,control_cluster2,non core,non DEG
ARSK,protein_coding,ENSG00000164291,No enriched GO,No_kegg,control_cluster2,non core,non DEG
SEPTIN8,protein_coding,ENSG00000164402,No enriched GO,No_kegg,control_cluster2,non core,non DEG
SHROOM1,protein_coding,ENSG00000164403,No enriched GO,No_kegg,control_cluster2,non core,non DEG
SLC35A1,protein_coding,ENSG00000164414,No enriched GO,No_kegg,control_cluster2,non core,non DEG
GRIK2,protein_coding,ENSG00000164418,No enriched GO,No_kegg,control_cluster2,non core,non DEG
STXBP5,protein_coding,ENSG00000164506,No enriched GO,No_kegg,control_cluster2,non core,non DEG
MATCAP2,protein_coding,ENSG00000164542,No enriched GO,No_kegg,control_cluster2,non core,non DEG
HCN1,protein_coding,ENSG00000164588,No enriched GO,No_kegg,control_cluster2,non core,non DEG
COG5,protein_coding,ENSG00000164597,No enriched GO,No_kegg,control_cluster2,non core,non DEG
COL1A2,protein_coding,ENSG00000164692,No enriched GO,No_kegg,control_cluster2,non core,non DEG
PHKG1,protein_coding,ENSG00000164776,No enriched GO,No_kegg,control_cluster2,non core,non DEG
CSMD3,protein_coding,ENSG00000164796,No enriched GO,No_kegg,control_cluster2,non core,non DEG
ORC5,protein_coding,ENSG00000164815,No enriched GO,No_kegg,control_cluster2,non core,non DEG
OXR1,protein_coding,ENSG00000164830,No enriched GO,No_kegg,control_cluster2,non core,non DEG
GPR146,protein_coding,ENSG00000164849,No enriched GO,No_kegg,control_cluster2,non core,non DEG
TMEM184A,protein_coding,ENSG00000164855,No enriched GO,No_kegg,control_cluster2,non core,non DEG
NOS3,protein_coding,ENSG00000164867,No enriched GO,No_kegg,control_cluster2,non core,non DEG
TMUB1,protein_coding,ENSG00000164897,No enriched GO,No_kegg,control_cluster2,non core,non DEG
FREM1,protein_coding,ENSG00000164946,No enriched GO,No_kegg,control_cluster2,non core,non DEG
STRBP,protein_coding,ENSG00000165209,No enriched GO,No_kegg,control_cluster2,non core,non DEG
SLITRK5,protein_coding,ENSG00000165300,No enriched GO,No_kegg,control_cluster2,non core,non DEG
FAT3,protein_coding,ENSG00000165323,Neurogenesis,No_kegg,control_cluster2,non core,non DEG
HECTD2,protein_coding,ENSG00000165338,No enriched GO,No_kegg,control_cluster2,non core,non DEG
LRFN5,protein_coding,ENSG00000165379,Neurogenesis,No_kegg,control_cluster2,non core,non DEG
ZCCHC24,protein_coding,ENSG00000165424,No enriched GO,No_kegg,control_cluster2,non core,non DEG
INPPL1,protein_coding,ENSG00000165458,No enriched GO,No_kegg,control_cluster2,non core,non DEG
HEPACAM,protein_coding,ENSG00000165478,No enriched GO,No_kegg,control_cluster2,non core,non DEG
DEPP1,protein_coding,ENSG00000165507,No enriched GO,No_kegg,control_cluster2,non core,non DEG
EML5,protein_coding,ENSG00000165521,No enriched GO,No_kegg,control_cluster2,non core,non DEG
TTC8,protein_coding,ENSG00000165533,"Neurogenesis,Others",No_kegg,control_cluster2,non core,non DEG
ENTR1,protein_coding,ENSG00000165689,No enriched GO,No_kegg,control_cluster2,non core,non DEG
HPRT1,protein_coding,ENSG00000165704,No enriched GO,No_kegg,control_cluster2,non core,non DEG
NDRG2,protein_coding,ENSG00000165795,No enriched GO,No_kegg,control_cluster2,non core,non DEG
ARHGEF40,protein_coding,ENSG00000165801,Neurogenesis,No_kegg,control_cluster2,non core,non DEG
VWA2,protein_coding,ENSG00000165816,No enriched GO,No_kegg,control_cluster2,non core,non DEG
OTOGL,protein_coding,ENSG00000165899,No enriched GO,No_kegg,control_cluster2,non core,non DEG
SLC39A13,protein_coding,ENSG00000165915,No enriched GO,kegg,control_cluster2,non core,non DEG
IFI27,protein_coding,ENSG00000165949,No enriched GO,No_kegg,control_cluster2,non core,non DEG
NELL1,protein_coding,ENSG00000165973,No enriched GO,No_kegg,control_cluster2,non core,non DEG
KCNC2,protein_coding,ENSG00000166006,No enriched GO,No_kegg,control_cluster2,non core,non DEG
CEP57,protein_coding,ENSG00000166037,No enriched GO,No_kegg,control_cluster2,non core,non DEG
GPR176,protein_coding,ENSG00000166073,No enriched GO,No_kegg,control_cluster2,non core,non DEG
GPT2,protein_coding,ENSG00000166123,No enriched GO,No_kegg,control_cluster2,non core,non DEG
AMN,protein_coding,ENSG00000166126,No enriched GO,No_kegg,control_cluster2,non core,non DEG
BTRC,protein_coding,ENSG00000166167,No enriched GO,No_kegg,control_cluster2,non core,non DEG
ZNF319,protein_coding,ENSG00000166188,No enriched GO,No_kegg,control_cluster2,non core,non DEG
SENP8,protein_coding,ENSG00000166192,No enriched GO,No_kegg,control_cluster2,non core,non DEG
GABRB3,protein_coding,ENSG00000166206,No enriched GO,No_kegg,control_cluster2,non core,non DEG
ILK,protein_coding,ENSG00000166333,No enriched GO,No_kegg,control_cluster2,non core,non DEG
NETO1,protein_coding,ENSG00000166342,No enriched GO,No_kegg,control_cluster2,non core,non DEG
RIC3,protein_coding,ENSG00000166405,No enriched GO,No_kegg,control_cluster2,non core,non DEG
MAPK7,protein_coding,ENSG00000166484,Neurogenesis,No_kegg,control_cluster2,non core,non DEG
MCM7,protein_coding,ENSG00000166508,No enriched GO,No_kegg,control_cluster2,non core,non DEG
ZSCAN21,protein_coding,ENSG00000166529,No enriched GO,No_kegg,control_cluster2,non core,non DEG
IQCD,protein_coding,ENSG00000166578,No enriched GO,No_kegg,control_cluster2,non core,non DEG
TSC22D4,protein_coding,ENSG00000166925,No enriched GO,No_kegg,control_cluster2,non core,non DEG
MBD6,protein_coding,ENSG00000166987,No enriched GO,No_kegg,control_cluster2,non core,non DEG
CNPY4,protein_coding,ENSG00000166997,No enriched GO,No_kegg,control_cluster2,non core,non DEG
EEIG1,protein_coding,ENSG00000167106,No enriched GO,No_kegg,control_cluster2,non core,non DEG
C15orf39,protein_coding,ENSG00000167173,No enriched GO,No_kegg,control_cluster2,non core,non DEG
SP2,protein_coding,ENSG00000167182,No enriched GO,No_kegg,control_cluster2,non core,non DEG
GPRC5B,protein_coding,ENSG00000167191,No enriched GO,No_kegg,control_cluster2,non core,non DEG
FBXO22,protein_coding,ENSG00000167196,No enriched GO,No_kegg,control_cluster2,non core,non DEG
IGF2,protein_coding,ENSG00000167244,No enriched GO,No_kegg,control_cluster2,non core,non DEG
TBC1D16,protein_coding,ENSG00000167291,Others,No_kegg,control_cluster2,non core,non DEG
ZNF646,protein_coding,ENSG00000167395,No enriched GO,No_kegg,control_cluster2,non core,non DEG
VKORC1,protein_coding,ENSG00000167397,No enriched GO,No_kegg,control_cluster2,non core,non DEG
TPM4,protein_coding,ENSG00000167460,No enriched GO,No_kegg,control_cluster2,non core,non DEG
RAB8A,protein_coding,ENSG00000167461,No enriched GO,No_kegg,control_cluster2,non core,non DEG
PROCA1,protein_coding,ENSG00000167525,No enriched GO,No_kegg,control_cluster2,non core,non DEG
TTYH1,protein_coding,ENSG00000167614,No enriched GO,No_kegg,control_cluster2,non core,non DEG
PLIN4,protein_coding,ENSG00000167676,No enriched GO,No_kegg,control_cluster2,non core,non DEG
GPT,protein_coding,ENSG00000167701,No enriched GO,No_kegg,control_cluster2,non core,non DEG
WDR81,protein_coding,ENSG00000167716,No enriched GO,No_kegg,control_cluster2,non core,non DEG
TRPV3,protein_coding,ENSG00000167723,No enriched GO,No_kegg,control_cluster2,non core,non DEG
CD320,protein_coding,ENSG00000167775,No enriched GO,No_kegg,control_cluster2,non core,non DEG
CDK2AP2,protein_coding,ENSG00000167797,No enriched GO,No_kegg,control_cluster2,non core,non DEG
ZNF598,protein_coding,ENSG00000167962,No enriched GO,No_kegg,control_cluster2,non core,non DEG
ECI1,protein_coding,ENSG00000167969,No enriched GO,No_kegg,control_cluster2,non core,non DEG
KCTD5,protein_coding,ENSG00000167977,No enriched GO,No_kegg,control_cluster2,non core,non DEG
SRRM2,protein_coding,ENSG00000167978,No enriched GO,No_kegg,control_cluster2,non core,non DEG
RAB3IL1,protein_coding,ENSG00000167994,No enriched GO,No_kegg,control_cluster2,non core,non DEG
ENTPD3,protein_coding,ENSG00000168032,No enriched GO,No_kegg,control_cluster2,non core,non DEG
LTBP3,protein_coding,ENSG00000168056,No enriched GO,No_kegg,control_cluster2,non core,non DEG
NKIRAS2,protein_coding,ENSG00000168256,No enriched GO,No_kegg,control_cluster2,non core,non DEG
NT5DC2,protein_coding,ENSG00000168268,No enriched GO,No_kegg,control_cluster2,non core,non DEG
FAM107A,protein_coding,ENSG00000168309,No enriched GO,No_kegg,control_cluster2,non core,non DEG
MOBP,protein_coding,ENSG00000168314,No enriched GO,No_kegg,control_cluster2,non core,non DEG
MFSD2A,protein_coding,ENSG00000168389,No enriched GO,No_kegg,control_cluster2,non core,non DEG
DTYMK,protein_coding,ENSG00000168393,No enriched GO,No_kegg,control_cluster2,non core,non DEG
TAP1,protein_coding,ENSG00000168394,No enriched GO,No_kegg,control_cluster2,non core,non DEG
CDC40,protein_coding,ENSG00000168438,No enriched GO,No_kegg,control_cluster2,non core,non DEG
CCDC110,protein_coding,ENSG00000168491,No enriched GO,No_kegg,control_cluster2,non core,non DEG
STAT3,protein_coding,ENSG00000168610,No enriched GO,No_kegg,control_cluster2,non core,non DEG
ZSWIM1,protein_coding,ENSG00000168612,No enriched GO,No_kegg,control_cluster2,non core,non DEG
STX18,protein_coding,ENSG00000168818,No enriched GO,No_kegg,control_cluster2,non core,non DEG
FSTL5,protein_coding,ENSG00000168843,No enriched GO,No_kegg,control_cluster2,non core,non DEG
TNIP2,protein_coding,ENSG00000168884,No enriched GO,No_kegg,control_cluster2,non core,non DEG
TMEM150A,protein_coding,ENSG00000168890,No enriched GO,No_kegg,control_cluster2,non core,non DEG
VAMP5,protein_coding,ENSG00000168899,No enriched GO,No_kegg,control_cluster2,non core,non DEG
LRRC28,protein_coding,ENSG00000168904,No enriched GO,No_kegg,control_cluster2,non core,non DEG
STXBP6,protein_coding,ENSG00000168952,No enriched GO,No_kegg,control_cluster2,non core,non DEG
GRM5,protein_coding,ENSG00000168959,No enriched GO,kegg,control_cluster2,non core,non DEG
LGALS9,protein_coding,ENSG00000168961,No enriched GO,No_kegg,control_cluster2,non core,non DEG
PXDC1,protein_coding,ENSG00000168994,No enriched GO,No_kegg,control_cluster2,non core,non DEG
SLC49A3,protein_coding,ENSG00000169026,No enriched GO,No_kegg,control_cluster2,non core,non DEG
NSMCE1,protein_coding,ENSG00000169189,No enriched GO,No_kegg,control_cluster2,non core,non DEG
LMAN2,protein_coding,ENSG00000169223,No enriched GO,No_kegg,control_cluster2,non core,non DEG
SLC50A1,protein_coding,ENSG00000169241,No enriched GO,No_kegg,control_cluster2,non core,non DEG
KCNAB1,protein_coding,ENSG00000169282,No enriched GO,No_kegg,control_cluster2,non core,non DEG
MRPL1,protein_coding,ENSG00000169288,No enriched GO,No_kegg,control_cluster2,non core,non DEG
SHE,protein_coding,ENSG00000169291,No enriched GO,No_kegg,control_cluster2,non core,non DEG
SCN9A,protein_coding,ENSG00000169432,No enriched GO,No_kegg,control_cluster2,non core,non DEG
METTL15,protein_coding,ENSG00000169519,No enriched GO,No_kegg,control_cluster2,non core,non DEG
RGPD8,protein_coding,ENSG00000169629,No enriched GO,No_kegg,control_cluster2,non core,non DEG
SPNS1,protein_coding,ENSG00000169682,No enriched GO,No_kegg,control_cluster2,non core,non DEG
HNRNPF,protein_coding,ENSG00000169813,No enriched GO,No_kegg,control_cluster2,non core,non DEG
PCDH7,protein_coding,ENSG00000169851,Neurogenesis,No_kegg,control_cluster2,non core,non DEG
TRIM56,protein_coding,ENSG00000169871,No enriched GO,No_kegg,control_cluster2,non core,non DEG
TM4SF1,protein_coding,ENSG00000169908,No enriched GO,No_kegg,control_cluster2,non core,non DEG
OTUD3,protein_coding,ENSG00000169914,No enriched GO,No_kegg,control_cluster2,non core,non DEG
BRD3,protein_coding,ENSG00000169925,No enriched GO,No_kegg,control_cluster2,non core,non DEG
FRMPD4,protein_coding,ENSG00000169933,No enriched GO,No_kegg,control_cluster2,non core,non DEG
ZNF768,protein_coding,ENSG00000169957,No enriched GO,No_kegg,control_cluster2,non core,non DEG
UBE2E3,protein_coding,ENSG00000170035,No enriched GO,No_kegg,control_cluster2,non core,non DEG
CNTROB,protein_coding,ENSG00000170037,No enriched GO,No_kegg,control_cluster2,non core,non DEG
RNF150,protein_coding,ENSG00000170153,No enriched GO,No_kegg,control_cluster2,non core,non DEG
ZNF282,protein_coding,ENSG00000170265,No enriched GO,No_kegg,control_cluster2,non core,non DEG
FAXDC2,protein_coding,ENSG00000170271,No enriched GO,No_kegg,control_cluster2,non core,non DEG
CRTAP,protein_coding,ENSG00000170275,No enriched GO,No_kegg,control_cluster2,non core,non DEG
GPRC5C,protein_coding,ENSG00000170412,No enriched GO,No_kegg,control_cluster2,non core,non DEG
KIF5B,protein_coding,ENSG00000170759,Neurogenesis,kegg,control_cluster2,non core,non DEG
PAQR8,protein_coding,ENSG00000170915,No enriched GO,No_kegg,control_cluster2,non core,non DEG
TANC2,protein_coding,ENSG00000170921,No enriched GO,No_kegg,control_cluster2,non core,non DEG
NCBP2L,protein_coding,ENSG00000170935,No enriched GO,No_kegg,control_cluster2,non core,non DEG
PDGFD,protein_coding,ENSG00000170962,intracellular trafficking,No_kegg,control_cluster2,non core,non DEG
HS6ST2,protein_coding,ENSG00000171004,No enriched GO,No_kegg,control_cluster2,non core,non DEG
MFN1,protein_coding,ENSG00000171109,No enriched GO,No_kegg,control_cluster2,non core,non DEG
GIMAP8,protein_coding,ENSG00000171115,No enriched GO,No_kegg,control_cluster2,non core,non DEG
KCNG3,protein_coding,ENSG00000171126,No enriched GO,No_kegg,control_cluster2,non core,non DEG
SOCS5,protein_coding,ENSG00000171150,No enriched GO,No_kegg,control_cluster2,non core,non DEG
TRIM8,protein_coding,ENSG00000171206,No enriched GO,No_kegg,control_cluster2,non core,non DEG
NETO2,protein_coding,ENSG00000171208,No enriched GO,No_kegg,control_cluster2,non core,non DEG
RXFP1,protein_coding,ENSG00000171509,No enriched GO,No_kegg,control_cluster2,non core,non DEG
ANO5,protein_coding,ENSG00000171714,No enriched GO,No_kegg,control_cluster2,non core,non DEG
CTPS1,protein_coding,ENSG00000171793,No enriched GO,No_kegg,control_cluster2,non core,non DEG
ZNF540,protein_coding,ENSG00000171817,No enriched GO,No_kegg,control_cluster2,non core,non DEG
LAMB2,protein_coding,ENSG00000172037,Neurogenesis,No_kegg,control_cluster2,non core,non DEG
NEGR1,protein_coding,ENSG00000172260,No enriched GO,No_kegg,control_cluster2,non core,non DEG
MACROD2,protein_coding,ENSG00000172264,No enriched GO,No_kegg,control_cluster2,non core,non DEG
CERS6,protein_coding,ENSG00000172292,No enriched GO,No_kegg,control_cluster2,non core,non DEG
RAB40A,protein_coding,ENSG00000172476,No enriched GO,No_kegg,control_cluster2,non core,non DEG
EFEMP2,protein_coding,ENSG00000172638,No enriched GO,No_kegg,control_cluster2,non core,non DEG
PURG,protein_coding,ENSG00000172733,No enriched GO,No_kegg,control_cluster2,non core,non DEG
ZNG1A,protein_coding,ENSG00000172785,No enriched GO,No_kegg,control_cluster2,non core,non DEG
SSH3,protein_coding,ENSG00000172830,No enriched GO,No_kegg,control_cluster2,non core,non DEG
NBEA,protein_coding,ENSG00000172915,No enriched GO,No_kegg,control_cluster2,non core,non DEG
LCLAT1,protein_coding,ENSG00000172954,No enriched GO,No_kegg,control_cluster2,non core,non DEG
ARPP21,protein_coding,ENSG00000172995,No enriched GO,No_kegg,control_cluster2,non core,non DEG
RELA,protein_coding,ENSG00000173039,No enriched GO,kegg,control_cluster2,non core,non DEG
IQCB1,protein_coding,ENSG00000173226,No enriched GO,No_kegg,control_cluster2,non core,non DEG
STOX2,protein_coding,ENSG00000173320,No enriched GO,No_kegg,control_cluster2,non core,non DEG
MAP3K11,protein_coding,ENSG00000173327,No enriched GO,No_kegg,control_cluster2,non core,non DEG
EHBP1L1,protein_coding,ENSG00000173442,No enriched GO,No_kegg,control_cluster2,non core,non DEG
TMEM196,protein_coding,ENSG00000173452,No enriched GO,No_kegg,control_cluster2,non core,non DEG
PTPRM,protein_coding,ENSG00000173482,Neurogenesis,No_kegg,control_cluster2,non core,non DEG
VEGFB,protein_coding,ENSG00000173511,No enriched GO,No_kegg,control_cluster2,non core,non DEG
CSPG4,protein_coding,ENSG00000173546,No enriched GO,No_kegg,control_cluster2,non core,non DEG
SNX33,protein_coding,ENSG00000173548,No enriched GO,No_kegg,control_cluster2,non core,non DEG
CEP83,protein_coding,ENSG00000173588,No enriched GO,No_kegg,control_cluster2,non core,non DEG
PC,protein_coding,ENSG00000173599,No enriched GO,No_kegg,control_cluster2,non core,non DEG
STAT5B,protein_coding,ENSG00000173757,No enriched GO,No_kegg,control_cluster2,non core,non DEG
JUP,protein_coding,ENSG00000173801,No enriched GO,No_kegg,control_cluster2,non core,non DEG
NET1,protein_coding,ENSG00000173848,Others,No_kegg,control_cluster2,non core,non DEG
C1QTNF1,protein_coding,ENSG00000173918,No enriched GO,No_kegg,control_cluster2,non core,non DEG
SLCO4C1,protein_coding,ENSG00000173930,No enriched GO,No_kegg,control_cluster2,non core,non DEG
UBXN2A,protein_coding,ENSG00000173960,No enriched GO,No_kegg,control_cluster2,non core,non DEG
GNG5,protein_coding,ENSG00000174021,No enriched GO,No_kegg,control_cluster2,non core,non DEG
CD34,protein_coding,ENSG00000174059,No enriched GO,No_kegg,control_cluster2,non core,non DEG
VWC2L,protein_coding,ENSG00000174453,No enriched GO,No_kegg,control_cluster2,non core,non DEG
CNTNAP2,protein_coding,ENSG00000174469,No enriched GO,No_kegg,control_cluster2,non core,non DEG
ANKRD36C,protein_coding,ENSG00000174501,No enriched GO,No_kegg,control_cluster2,non core,non DEG
IQCK,protein_coding,ENSG00000174628,No enriched GO,No_kegg,control_cluster2,non core,non DEG
BTC,protein_coding,ENSG00000174808,No enriched GO,No_kegg,control_cluster2,non core,non DEG
GLMN,protein_coding,ENSG00000174842,No enriched GO,No_kegg,control_cluster2,non core,non DEG
YIF1A,protein_coding,ENSG00000174851,No enriched GO,No_kegg,control_cluster2,non core,non DEG
RSRC1,protein_coding,ENSG00000174891,No enriched GO,No_kegg,control_cluster2,non core,non DEG
ASPHD1,protein_coding,ENSG00000174939,No enriched GO,No_kegg,control_cluster2,non core,non DEG
ATR,protein_coding,ENSG00000175054,No enriched GO,No_kegg,control_cluster2,non core,non DEG
MARCKSL1,protein_coding,ENSG00000175130,No enriched GO,No_kegg,control_cluster2,non core,non DEG
CADM2,protein_coding,ENSG00000175161,Neurogenesis,No_kegg,control_cluster2,non core,non DEG
ZNF408,protein_coding,ENSG00000175213,No enriched GO,No_kegg,control_cluster2,non core,non DEG
CTDSP2,protein_coding,ENSG00000175215,No enriched GO,No_kegg,control_cluster2,non core,non DEG
ARHGAP1,protein_coding,ENSG00000175220,No enriched GO,No_kegg,control_cluster2,non core,non DEG
PHYHD1,protein_coding,ENSG00000175287,No enriched GO,No_kegg,control_cluster2,non core,non DEG
ZNF519,protein_coding,ENSG00000175322,No enriched GO,No_kegg,control_cluster2,non core,non DEG
CHRNA7,protein_coding,ENSG00000175344,No enriched GO,kegg,control_cluster2,non core,non DEG
SART1,protein_coding,ENSG00000175467,No enriched GO,No_kegg,control_cluster2,non core,non DEG
MCTP1,protein_coding,ENSG00000175471,No enriched GO,No_kegg,control_cluster2,non core,non DEG
POLD4,protein_coding,ENSG00000175482,No enriched GO,No_kegg,control_cluster2,core,non DEG
UCP2,protein_coding,ENSG00000175567,No enriched GO,No_kegg,control_cluster2,non core,non DEG
CTDNEP1,protein_coding,ENSG00000175826,No enriched GO,No_kegg,control_cluster2,non core,non DEG
ZDHHC21,protein_coding,ENSG00000175893,No enriched GO,No_kegg,control_cluster2,non core,non DEG
ORAI3,protein_coding,ENSG00000175938,No enriched GO,No_kegg,control_cluster2,non core,non DEG
NUPR1,protein_coding,ENSG00000176046,No enriched GO,No_kegg,control_cluster2,non core,non DEG
TPRN,protein_coding,ENSG00000176058,No enriched GO,No_kegg,control_cluster2,non core,non DEG
SLC35A4,protein_coding,ENSG00000176087,No enriched GO,No_kegg,control_cluster2,non core,non DEG
ANAPC2,protein_coding,ENSG00000176248,No enriched GO,No_kegg,control_cluster2,non core,non DEG
CLEC14A,protein_coding,ENSG00000176435,No enriched GO,No_kegg,control_cluster2,non core,non DEG
PLAAT3,protein_coding,ENSG00000176485,No enriched GO,No_kegg,control_cluster2,non core,non DEG
LMNB2,protein_coding,ENSG00000176619,No enriched GO,No_kegg,control_cluster2,non core,non DEG
METRNL,protein_coding,ENSG00000176845,No enriched GO,No_kegg,control_cluster2,non core,non DEG
ZDHHC13,protein_coding,ENSG00000177054,No enriched GO,No_kegg,control_cluster2,non core,non DEG
RHOG,protein_coding,ENSG00000177105,Others,No_kegg,control_cluster2,non core,non DEG
IRAG1-AS1,lncRNA,ENSG00000177112,No enriched GO,No_kegg,control_cluster2,non core,non DEG
RPS6KA3,protein_coding,ENSG00000177189,No enriched GO,No_kegg,control_cluster2,non core,non DEG
GATD1,protein_coding,ENSG00000177225,No enriched GO,No_kegg,control_cluster2,non core,non DEG
CASKIN2,protein_coding,ENSG00000177303,No enriched GO,No_kegg,control_cluster2,non core,non DEG
HIC1,protein_coding,ENSG00000177374,No enriched GO,No_kegg,control_cluster2,non core,non DEG
NR2C2,protein_coding,ENSG00000177463,No enriched GO,No_kegg,control_cluster2,non core,non DEG
CAVIN1,protein_coding,ENSG00000177469,No enriched GO,No_kegg,control_cluster2,non core,non DEG
RABEP2,protein_coding,ENSG00000177548,No enriched GO,No_kegg,control_cluster2,non core,non DEG
TBL1XR1,protein_coding,ENSG00000177565,No enriched GO,No_kegg,control_cluster2,non core,non DEG
SAMD12,protein_coding,ENSG00000177570,No enriched GO,No_kegg,control_cluster2,non core,non DEG
IL17RA,protein_coding,ENSG00000177663,No enriched GO,No_kegg,control_cluster2,non core,non DEG
CD151,protein_coding,ENSG00000177697,No enriched GO,No_kegg,control_cluster2,non core,non DEG
TMEM94,protein_coding,ENSG00000177728,No enriched GO,No_kegg,control_cluster2,non core,non DEG
FLII,protein_coding,ENSG00000177731,No enriched GO,No_kegg,control_cluster2,non core,non DEG
TMEM187,protein_coding,ENSG00000177854,No enriched GO,No_kegg,control_cluster2,non core,non DEG
AP3S1,protein_coding,ENSG00000177879,No enriched GO,No_kegg,control_cluster2,non core,non DEG
BET1L,protein_coding,ENSG00000177951,No enriched GO,No_kegg,control_cluster2,non core,non DEG
LRRC75B,protein_coding,ENSG00000178026,No enriched GO,No_kegg,control_cluster2,non core,non DEG
DDX10,protein_coding,ENSG00000178105,No enriched GO,No_kegg,control_cluster2,non core,non DEG
PLEC,protein_coding,ENSG00000178209,No enriched GO,No_kegg,control_cluster2,non core,non DEG
GALNT11,protein_coding,ENSG00000178234,No enriched GO,No_kegg,control_cluster2,non core,non DEG
PLEKHM3,protein_coding,ENSG00000178385,No enriched GO,No_kegg,control_cluster2,non core,non DEG
GTPBP6,protein_coding,ENSG00000178605,No enriched GO,No_kegg,control_cluster2,non core,non DEG
OPLAH,protein_coding,ENSG00000178814,No enriched GO,No_kegg,control_cluster2,non core,non DEG
HYI,protein_coding,ENSG00000178922,No enriched GO,No_kegg,control_cluster2,non core,non DEG
CYBC1,protein_coding,ENSG00000178927,No enriched GO,No_kegg,control_cluster2,non core,non DEG
FBXO34,protein_coding,ENSG00000178974,No enriched GO,No_kegg,control_cluster2,non core,non DEG
C12orf42,protein_coding,ENSG00000179088,No enriched GO,No_kegg,control_cluster2,non core,non DEG
SAMD4B,protein_coding,ENSG00000179134,No enriched GO,No_kegg,control_cluster2,non core,non DEG
WSCD1,protein_coding,ENSG00000179314,No enriched GO,No_kegg,control_cluster2,non core,non DEG
CLK3,protein_coding,ENSG00000179335,No enriched GO,No_kegg,control_cluster2,non core,non DEG
PACS2,protein_coding,ENSG00000179364,No enriched GO,No_kegg,control_cluster2,core,non DEG
TPPP2,protein_coding,ENSG00000179636,No enriched GO,No_kegg,control_cluster2,non core,non DEG
CDH5,protein_coding,ENSG00000179776,Neurogenesis,No_kegg,control_cluster2,non core,non DEG
NRXN1,protein_coding,ENSG00000179915,Neurogenesis,No_kegg,control_cluster2,non core,non DEG
FIZ1,protein_coding,ENSG00000179943,No enriched GO,No_kegg,control_cluster2,non core,non DEG
RCC1,protein_coding,ENSG00000180198,No enriched GO,No_kegg,control_cluster2,non core,non DEG
MTURN,protein_coding,ENSG00000180354,No enriched GO,No_kegg,control_cluster2,non core,non DEG
PAK2,protein_coding,ENSG00000180370,No enriched GO,No_kegg,control_cluster2,non core,non DEG
ANKRD30B,protein_coding,ENSG00000180777,No enriched GO,No_kegg,control_cluster2,non core,non DEG
CAPS2,protein_coding,ENSG00000180881,No enriched GO,No_kegg,control_cluster2,non core,non DEG
SCRIB,protein_coding,ENSG00000180900,Others,No_kegg,control_cluster2,non core,non DEG
GPR137C,protein_coding,ENSG00000180998,No enriched GO,No_kegg,control_cluster2,non core,non DEG
DHTKD1,protein_coding,ENSG00000181192,No enriched GO,No_kegg,control_cluster2,non core,non DEG
ACBD4,protein_coding,ENSG00000181513,No enriched GO,No_kegg,control_cluster2,non core,non DEG
RTKN2,protein_coding,ENSG00000182010,No enriched GO,No_kegg,control_cluster2,non core,non DEG
UBA7,protein_coding,ENSG00000182179,No enriched GO,No_kegg,control_cluster2,non core,non DEG
FBXL6,protein_coding,ENSG00000182325,No enriched GO,No_kegg,control_cluster2,non core,non DEG
CLN8,protein_coding,ENSG00000182372,No enriched GO,No_kegg,control_cluster2,non core,non DEG
WASH6P,protein_coding,ENSG00000182484,No enriched GO,No_kegg,control_cluster2,non core,non DEG
BGN,protein_coding,ENSG00000182492,No enriched GO,No_kegg,control_cluster2,non core,non DEG
FES,protein_coding,ENSG00000182511,No enriched GO,No_kegg,control_cluster2,non core,non DEG
LIMK2,protein_coding,ENSG00000182541,No enriched GO,No_kegg,control_cluster2,non core,non DEG
PLCB1,protein_coding,ENSG00000182621,intracellular trafficking,kegg,control_cluster2,non core,non DEG
BRICD5,protein_coding,ENSG00000182685,No enriched GO,No_kegg,control_cluster2,non core,non DEG
PLCXD3,protein_coding,ENSG00000182836,No enriched GO,No_kegg,control_cluster2,non core,non DEG
COL18A1,protein_coding,ENSG00000182871,No enriched GO,No_kegg,control_cluster2,non core,non DEG
SLC8A1,protein_coding,ENSG00000183023,No enriched GO,No_kegg,control_cluster2,non core,non DEG
RGPD6,protein_coding,ENSG00000183054,No enriched GO,No_kegg,control_cluster2,non core,non DEG
AFMID,protein_coding,ENSG00000183077,No enriched GO,No_kegg,control_cluster2,non core,non DEG
FREM3,protein_coding,ENSG00000183090,No enriched GO,No_kegg,control_cluster2,non core,non DEG
CEP57L1,protein_coding,ENSG00000183137,No enriched GO,No_kegg,control_cluster2,non core,non DEG
BCOR,protein_coding,ENSG00000183337,No enriched GO,No_kegg,control_cluster2,non core,non DEG
CCDC159,protein_coding,ENSG00000183401,No enriched GO,No_kegg,control_cluster2,non core,non DEG
GRIN2A,protein_coding,ENSG00000183454,No enriched GO,kegg,control_cluster2,non core,non DEG
ASB7,protein_coding,ENSG00000183475,No enriched GO,No_kegg,control_cluster2,non core,non DEG
MARCHF11,protein_coding,ENSG00000183654,No enriched GO,No_kegg,control_cluster2,non core,non DEG
KREMEN1,protein_coding,ENSG00000183762,No enriched GO,No_kegg,control_cluster2,non core,non DEG
KCTD16,protein_coding,ENSG00000183775,No enriched GO,No_kegg,control_cluster2,non core,non DEG
EMILIN3,protein_coding,ENSG00000183798,No enriched GO,No_kegg,control_cluster2,non core,non DEG
TOB2,protein_coding,ENSG00000183864,No enriched GO,No_kegg,control_cluster2,non core,non DEG
SMTN,protein_coding,ENSG00000183963,No enriched GO,No_kegg,control_cluster2,non core,non DEG
LRRC51,protein_coding,ENSG00000184154,No enriched GO,No_kegg,control_cluster2,non core,non DEG
SNRNP35,protein_coding,ENSG00000184209,No enriched GO,No_kegg,control_cluster2,non core,non DEG
CMSS1,protein_coding,ENSG00000184220,No enriched GO,No_kegg,control_cluster2,non core,non DEG
OLIG1,protein_coding,ENSG00000184221,No enriched GO,No_kegg,control_cluster2,non core,non DEG
OAF,protein_coding,ENSG00000184232,No enriched GO,No_kegg,control_cluster2,non core,non DEG
SRPK3,protein_coding,ENSG00000184343,No enriched GO,No_kegg,control_cluster2,non core,non DEG
CSF1,protein_coding,ENSG00000184371,No enriched GO,kegg,control_cluster2,non core,non DEG
PLA2G6,protein_coding,ENSG00000184381,No enriched GO,No_kegg,control_cluster2,non core,non DEG
KCND2,protein_coding,ENSG00000184408,No enriched GO,No_kegg,control_cluster2,non core,non DEG
FOXO4,protein_coding,ENSG00000184481,No enriched GO,No_kegg,control_cluster2,non core,non DEG
PTP4A3,protein_coding,ENSG00000184489,No enriched GO,No_kegg,control_cluster2,non core,non DEG
STING1,protein_coding,ENSG00000184584,No enriched GO,No_kegg,control_cluster2,non core,non DEG
NELL2,protein_coding,ENSG00000184613,No enriched GO,No_kegg,control_cluster2,non core,non DEG
KRBA2,protein_coding,ENSG00000184619,No enriched GO,No_kegg,control_cluster2,non core,non DEG
MED12,protein_coding,ENSG00000184634,No enriched GO,No_kegg,control_cluster2,non core,non DEG
RALYL,protein_coding,ENSG00000184672,No enriched GO,No_kegg,control_cluster2,non core,non DEG
H2BC21,protein_coding,ENSG00000184678,No enriched GO,No_kegg,control_cluster2,non core,non DEG
SERINC4,protein_coding,ENSG00000184716,No enriched GO,No_kegg,control_cluster2,non core,non DEG
IMMP2L,protein_coding,ENSG00000184903,No enriched GO,No_kegg,control_cluster2,non core,non DEG
ROBO2,protein_coding,ENSG00000185008,Neurogenesis,No_kegg,control_cluster2,non core,non DEG
HSF1,protein_coding,ENSG00000185122,No enriched GO,No_kegg,control_cluster2,non core,non DEG
SIGIRR,protein_coding,ENSG00000185187,No enriched GO,No_kegg,control_cluster2,non core,non DEG
NRBP2,protein_coding,ENSG00000185189,No enriched GO,No_kegg,control_cluster2,non core,non DEG
IFITM2,protein_coding,ENSG00000185201,No enriched GO,No_kegg,control_cluster2,non core,non DEG
UBALD2,protein_coding,ENSG00000185262,No enriched GO,No_kegg,control_cluster2,non core,non DEG
TCN2,protein_coding,ENSG00000185339,No enriched GO,No_kegg,control_cluster2,non core,non DEG
HS6ST3,protein_coding,ENSG00000185352,No enriched GO,No_kegg,control_cluster2,non core,non DEG
ZSWIM9,protein_coding,ENSG00000185453,No enriched GO,No_kegg,control_cluster2,non core,non DEG
TMEM179B,protein_coding,ENSG00000185475,No enriched GO,No_kegg,control_cluster2,non core,non DEG
IRF7,protein_coding,ENSG00000185507,No enriched GO,No_kegg,control_cluster2,non core,non DEG
BRCC3,protein_coding,ENSG00000185515,No enriched GO,No_kegg,control_cluster2,non core,non DEG
NDUFA4L2,protein_coding,ENSG00000185633,No enriched GO,kegg,control_cluster2,non core,non DEG
BRWD1,protein_coding,ENSG00000185658,No enriched GO,No_kegg,control_cluster2,core,non DEG
MOSMO,protein_coding,ENSG00000185716,No enriched GO,No_kegg,control_cluster2,non core,non DEG
IFITM1,protein_coding,ENSG00000185885,No enriched GO,No_kegg,control_cluster2,non core,non DEG
CYP4X1,protein_coding,ENSG00000186377,No enriched GO,No_kegg,control_cluster2,non core,Down-regulated
PCLO,protein_coding,ENSG00000186472,No enriched GO,No_kegg,control_cluster2,non core,non DEG
ZNF395,protein_coding,ENSG00000186918,No enriched GO,No_kegg,control_cluster2,non core,non DEG
PPARA,protein_coding,ENSG00000186951,No enriched GO,No_kegg,control_cluster2,non core,non DEG
KANK3,protein_coding,ENSG00000186994,No enriched GO,No_kegg,control_cluster2,non core,non DEG
TMEM216,protein_coding,ENSG00000187049,No enriched GO,No_kegg,control_cluster2,non core,non DEG
PLCD1,protein_coding,ENSG00000187091,intracellular trafficking,No_kegg,control_cluster2,non core,non DEG
SPATA21,protein_coding,ENSG00000187144,No enriched GO,No_kegg,control_cluster2,non core,non DEG
BCAM,protein_coding,ENSG00000187244,No enriched GO,No_kegg,control_cluster2,non core,non DEG
EPOR,protein_coding,ENSG00000187266,No enriched GO,No_kegg,control_cluster2,non core,non DEG
LIN28B,protein_coding,ENSG00000187772,No enriched GO,No_kegg,control_cluster2,non core,non DEG
PEAR1,protein_coding,ENSG00000187800,intracellular trafficking,No_kegg,control_cluster2,non core,non DEG
ZFP69B,protein_coding,ENSG00000187801,No enriched GO,No_kegg,control_cluster2,non core,non DEG
SLC38A3,protein_coding,ENSG00000188338,No enriched GO,No_kegg,control_cluster2,non core,non DEG
CIBAR1,protein_coding,ENSG00000188343,No enriched GO,No_kegg,control_cluster2,non core,non DEG
FOCAD,protein_coding,ENSG00000188352,No enriched GO,No_kegg,control_cluster2,non core,non DEG
ACTMAP,protein_coding,ENSG00000188493,No enriched GO,No_kegg,control_cluster2,non core,non DEG
HBA2,protein_coding,ENSG00000188536,No enriched GO,No_kegg,control_cluster2,non core,non DEG
S100A16,protein_coding,ENSG00000188643,No enriched GO,No_kegg,control_cluster2,non core,non DEG
VWC2,protein_coding,ENSG00000188730,No enriched GO,No_kegg,control_cluster2,non core,non DEG
APOD,protein_coding,ENSG00000189058,No enriched GO,No_kegg,control_cluster2,non core,non DEG
ZNF681,protein_coding,ENSG00000196172,No enriched GO,No_kegg,control_cluster2,non core,non DEG
XPNPEP3,protein_coding,ENSG00000196236,No enriched GO,No_kegg,control_cluster2,non core,non DEG
GIMAP5,protein_coding,ENSG00000196329,No enriched GO,No_kegg,control_cluster2,non core,non DEG
EPHB4,protein_coding,ENSG00000196411,No enriched GO,No_kegg,control_cluster2,non core,non DEG
TSC22D2,protein_coding,ENSG00000196428,No enriched GO,No_kegg,control_cluster2,non core,non DEG
ZNF775,protein_coding,ENSG00000196456,No enriched GO,No_kegg,control_cluster2,non core,non DEG
SLC6A9,protein_coding,ENSG00000196517,No enriched GO,No_kegg,control_cluster2,non core,non DEG
MYO18A,protein_coding,ENSG00000196535,No enriched GO,No_kegg,control_cluster2,non core,non DEG
ZNF33B,protein_coding,ENSG00000196693,No enriched GO,No_kegg,control_cluster2,non core,non DEG
ADA,protein_coding,ENSG00000196839,No enriched GO,No_kegg,control_cluster2,non core,non DEG
RGPD4,protein_coding,ENSG00000196862,No enriched GO,No_kegg,control_cluster2,non core,non DEG
ZNG1C,protein_coding,ENSG00000196873,No enriched GO,No_kegg,control_cluster2,non core,non DEG
PDLIM7,protein_coding,ENSG00000196923,No enriched GO,No_kegg,control_cluster2,non core,non DEG
FLNA,protein_coding,ENSG00000196924,No enriched GO,No_kegg,control_cluster2,non core,non DEG
GAL3ST4,protein_coding,ENSG00000197093,No enriched GO,No_kegg,control_cluster2,non core,non DEG
PCNX3,protein_coding,ENSG00000197136,No enriched GO,No_kegg,control_cluster2,non core,non DEG
C1D,protein_coding,ENSG00000197223,No enriched GO,No_kegg,control_cluster2,non core,non DEG
TBC1D9B,protein_coding,ENSG00000197226,Others,No_kegg,control_cluster2,non core,non DEG
KANK2,protein_coding,ENSG00000197256,No enriched GO,No_kegg,control_cluster2,non core,non DEG
RAMP2-AS1,lncRNA,ENSG00000197291,No enriched GO,No_kegg,control_cluster2,non core,non DEG
KRBOX5,protein_coding,ENSG00000197302,No enriched GO,No_kegg,control_cluster2,non core,non DEG
LRP10,protein_coding,ENSG00000197324,No enriched GO,No_kegg,control_cluster2,non core,non DEG
UAP1L1,protein_coding,ENSG00000197355,No enriched GO,No_kegg,control_cluster2,non core,non DEG
SHPK,protein_coding,ENSG00000197417,No enriched GO,No_kegg,control_cluster2,non core,non DEG
PDGFA,protein_coding,ENSG00000197461,intracellular trafficking,No_kegg,control_cluster2,non core,non DEG
MIB2,protein_coding,ENSG00000197530,No enriched GO,No_kegg,control_cluster2,non core,non DEG
,lncRNA,ENSG00000197585,No enriched GO,No_kegg,control_cluster2,non core,non DEG
CPLANE1,protein_coding,ENSG00000197603,No enriched GO,No_kegg,control_cluster2,non core,non DEG
RPE,protein_coding,ENSG00000197713,No enriched GO,No_kegg,control_cluster2,non core,non DEG
PHF2,protein_coding,ENSG00000197724,No enriched GO,No_kegg,control_cluster2,core,non DEG
C14orf178,lncRNA,ENSG00000197734,No enriched GO,No_kegg,control_cluster2,non core,non DEG
MYO1C,protein_coding,ENSG00000197879,No enriched GO,No_kegg,control_cluster2,non core,non DEG
VPS13A,protein_coding,ENSG00000197969,No enriched GO,No_kegg,control_cluster2,non core,non DEG
MBP,protein_coding,ENSG00000197971,Neurogenesis,No_kegg,control_cluster2,non core,non DEG
ZNF667,protein_coding,ENSG00000198046,No enriched GO,No_kegg,control_cluster2,non core,non DEG
SZT2,protein_coding,ENSG00000198198,No enriched GO,No_kegg,control_cluster2,non core,non DEG
WWP2,protein_coding,ENSG00000198373,No enriched GO,No_kegg,control_cluster2,non core,non DEG
MT1F,protein_coding,ENSG00000198417,No enriched GO,No_kegg,control_cluster2,non core,non DEG
TPM2,protein_coding,ENSG00000198467,No enriched GO,No_kegg,control_cluster2,non core,non DEG
MAFK,protein_coding,ENSG00000198517,No enriched GO,No_kegg,control_cluster2,non core,non DEG
ITGBL1,protein_coding,ENSG00000198542,No enriched GO,No_kegg,control_cluster2,non core,non DEG
WDHD1,protein_coding,ENSG00000198554,No enriched GO,No_kegg,control_cluster2,non core,non DEG
DDX39B,protein_coding,ENSG00000198563,No enriched GO,No_kegg,control_cluster2,non core,non DEG
TLK1,protein_coding,ENSG00000198586,No enriched GO,No_kegg,control_cluster2,non core,non DEG
NCOA6,protein_coding,ENSG00000198646,No enriched GO,No_kegg,control_cluster2,non core,non DEG
TAFA2,protein_coding,ENSG00000198673,No enriched GO,No_kegg,control_cluster2,non core,non DEG
MT-CO2,protein_coding,ENSG00000198712,No enriched GO,kegg,control_cluster2,non core,non DEG
MT-CYB,protein_coding,ENSG00000198727,No enriched GO,kegg,control_cluster2,non core,non DEG
PLXNB3,protein_coding,ENSG00000198753,"Neurogenesis,Others",No_kegg,control_cluster2,non core,non DEG
MT-ND2,protein_coding,ENSG00000198763,No enriched GO,kegg,control_cluster2,non core,non DEG
GRIN3A,protein_coding,ENSG00000198785,No enriched GO,No_kegg,control_cluster2,non core,non DEG
MT-ND5,protein_coding,ENSG00000198786,No enriched GO,kegg,control_cluster2,non core,non DEG
MT-CO1,protein_coding,ENSG00000198804,No enriched GO,kegg,control_cluster2,non core,non DEG
ZNF358,protein_coding,ENSG00000198816,No enriched GO,No_kegg,control_cluster2,non core,non DEG
MT-ND3,protein_coding,ENSG00000198840,No enriched GO,kegg,control_cluster2,non core,non DEG
MT-ND4,protein_coding,ENSG00000198886,No enriched GO,kegg,control_cluster2,non core,non DEG
MT-ND1,protein_coding,ENSG00000198888,No enriched GO,kegg,control_cluster2,non core,non DEG
MT-ATP6,protein_coding,ENSG00000198899,No enriched GO,kegg,control_cluster2,non core,non DEG
POU3F3,protein_coding,ENSG00000198914,No enriched GO,No_kegg,control_cluster2,non core,non DEG
DZIP3,protein_coding,ENSG00000198919,No enriched GO,No_kegg,control_cluster2,core,non DEG
CCDC167,protein_coding,ENSG00000198937,No enriched GO,No_kegg,control_cluster2,non core,non DEG
MT-CO3,protein_coding,ENSG00000198938,No enriched GO,kegg,control_cluster2,non core,non DEG
NAGA,protein_coding,ENSG00000198951,No enriched GO,No_kegg,control_cluster2,non core,non DEG
SMG5,protein_coding,ENSG00000198952,No enriched GO,No_kegg,control_cluster2,non core,non DEG
TGM2,protein_coding,ENSG00000198959,Others,No_kegg,control_cluster2,non core,non DEG
CARNMT1-AS1,lncRNA,ENSG00000203321,No enriched GO,No_kegg,control_cluster2,non core,non DEG
,lncRNA,ENSG00000203469,No enriched GO,No_kegg,control_cluster2,non core,non DEG
,lncRNA,ENSG00000203472,No enriched GO,No_kegg,control_cluster2,non core,non DEG
INF2,protein_coding,ENSG00000203485,No enriched GO,No_kegg,control_cluster2,non core,non DEG
SNHG5,lncRNA,ENSG00000203875,No enriched GO,No_kegg,control_cluster2,non core,non DEG
EFCAB7,protein_coding,ENSG00000203965,No enriched GO,No_kegg,control_cluster2,non core,non DEG
ARRDC1-AS1,lncRNA,ENSG00000203993,No enriched GO,No_kegg,control_cluster2,non core,non DEG
LINC00963,lncRNA,ENSG00000204054,intracellular trafficking,No_kegg,control_cluster2,non core,non DEG
NEU4,protein_coding,ENSG00000204099,No enriched GO,No_kegg,control_cluster2,non core,non DEG
PTPN20,protein_coding,ENSG00000204179,No enriched GO,No_kegg,control_cluster2,non core,non DEG
DAXX,protein_coding,ENSG00000204209,No enriched GO,No_kegg,control_cluster2,non core,non DEG
COL11A2,protein_coding,ENSG00000204248,No enriched GO,No_kegg,control_cluster2,non core,non DEG
COL5A2,protein_coding,ENSG00000204262,No enriched GO,No_kegg,control_cluster2,non core,non DEG
SPIN3,protein_coding,ENSG00000204271,No enriched GO,No_kegg,control_cluster2,non core,non DEG
NOTCH4,protein_coding,ENSG00000204301,No enriched GO,No_kegg,control_cluster2,non core,non DEG
PKP4-AS1,lncRNA,ENSG00000204380,No enriched GO,No_kegg,control_cluster2,non core,non DEG
HLA-C,protein_coding,ENSG00000204525,No enriched GO,No_kegg,control_cluster2,non core,non DEG
DDR1,protein_coding,ENSG00000204580,intracellular trafficking,No_kegg,control_cluster2,non core,non DEG
HLA-E,protein_coding,ENSG00000204592,No enriched GO,No_kegg,control_cluster2,non core,non DEG
AKT1S1,protein_coding,ENSG00000204673,No enriched GO,No_kegg,control_cluster2,non core,non DEG
PCDHA9,protein_coding,ENSG00000204961,Neurogenesis,No_kegg,control_cluster2,non core,non DEG
PCDHA8,protein_coding,ENSG00000204962,Neurogenesis,No_kegg,control_cluster2,non core,non DEG
PCDHA7,protein_coding,ENSG00000204963,Neurogenesis,No_kegg,control_cluster2,non core,non DEG
PCDHA4,protein_coding,ENSG00000204967,Neurogenesis,No_kegg,control_cluster2,non core,non DEG
PCDHA2,protein_coding,ENSG00000204969,Neurogenesis,No_kegg,control_cluster2,non core,non DEG
PCDHA1,protein_coding,ENSG00000204970,Neurogenesis,No_kegg,control_cluster2,non core,non DEG
ZNF316,protein_coding,ENSG00000205903,No enriched GO,No_kegg,control_cluster2,non core,non DEG
DOK6,protein_coding,ENSG00000206052,No enriched GO,No_kegg,control_cluster2,non core,non DEG
HBA1,protein_coding,ENSG00000206172,No enriched GO,No_kegg,control_cluster2,non core,non DEG
XKR4,protein_coding,ENSG00000206579,No enriched GO,No_kegg,control_cluster2,non core,non DEG
SLC48A1,protein_coding,ENSG00000211584,No enriched GO,No_kegg,control_cluster2,non core,non DEG
MT-ND4L,protein_coding,ENSG00000212907,No enriched GO,kegg,control_cluster2,non core,non DEG
DENND1B,protein_coding,ENSG00000213047,Others,No_kegg,control_cluster2,non core,non DEG
ASIC3,protein_coding,ENSG00000213199,No enriched GO,No_kegg,control_cluster2,non core,non DEG
GSTM2,protein_coding,ENSG00000213366,No enriched GO,No_kegg,control_cluster2,non core,non DEG
HAUS7,protein_coding,ENSG00000213397,No enriched GO,No_kegg,control_cluster2,non core,non DEG
SIPA1,protein_coding,ENSG00000213445,Others,No_kegg,control_cluster2,non core,non DEG
GPSM3,protein_coding,ENSG00000213654,No enriched GO,No_kegg,control_cluster2,non core,non DEG
ATF6B,protein_coding,ENSG00000213676,No enriched GO,No_kegg,control_cluster2,non core,non DEG
S1PR3,protein_coding,ENSG00000213694,No enriched GO,No_kegg,control_cluster2,non core,non DEG
CLIC1,protein_coding,ENSG00000213719,No enriched GO,No_kegg,control_cluster2,non core,non DEG
DDAH2,protein_coding,ENSG00000213722,No enriched GO,No_kegg,control_cluster2,non core,non DEG
RPS29,protein_coding,ENSG00000213741,No enriched GO,No_kegg,control_cluster2,non core,non DEG
EMP2,protein_coding,ENSG00000213853,No enriched GO,No_kegg,control_cluster2,non core,non DEG
CSNK1E,protein_coding,ENSG00000213923,No enriched GO,kegg,control_cluster2,non core,non DEG
IRF9,protein_coding,ENSG00000213928,No enriched GO,No_kegg,control_cluster2,non core,non DEG
TAX1BP3,protein_coding,ENSG00000213977,Others,No_kegg,control_cluster2,non core,non DEG
REPIN1,protein_coding,ENSG00000214022,No enriched GO,No_kegg,control_cluster2,non core,non DEG
PAXIP1-AS2,lncRNA,ENSG00000214106,No enriched GO,No_kegg,control_cluster2,non core,non DEG
LCNL1,protein_coding,ENSG00000214402,No enriched GO,No_kegg,control_cluster2,non core,non DEG
PLIN5,protein_coding,ENSG00000214456,No enriched GO,No_kegg,control_cluster2,non core,non DEG
IFRD2,protein_coding,ENSG00000214706,No enriched GO,No_kegg,control_cluster2,non core,non DEG
MTCP1,protein_coding,ENSG00000214827,No enriched GO,No_kegg,control_cluster2,non core,non DEG
CRPPA,protein_coding,ENSG00000214960,Neurogenesis,No_kegg,control_cluster2,non core,non DEG
ZNG1F,protein_coding,ENSG00000215126,No enriched GO,No_kegg,control_cluster2,non core,non DEG
DHRS4-AS1,lncRNA,ENSG00000215256,No enriched GO,No_kegg,control_cluster2,non core,non DEG
ATAD3C,protein_coding,ENSG00000215915,No enriched GO,No_kegg,control_cluster2,non core,non DEG
LY86-AS1,lncRNA,ENSG00000216863,No enriched GO,No_kegg,control_cluster2,non core,non DEG
PAM16,protein_coding,ENSG00000217930,No enriched GO,No_kegg,control_cluster2,non core,non DEG
TENM3,protein_coding,ENSG00000218336,Neurogenesis,No_kegg,control_cluster2,non core,non DEG
PPP3CB-AS1,lncRNA,ENSG00000221817,No enriched GO,No_kegg,control_cluster2,non core,non DEG
C2orf16,protein_coding,ENSG00000221843,No enriched GO,No_kegg,control_cluster2,non core,non DEG
HEPN1,protein_coding,ENSG00000221932,No enriched GO,No_kegg,control_cluster2,non core,non DEG
PPT2,protein_coding,ENSG00000221988,No enriched GO,No_kegg,control_cluster2,non core,non DEG
LINC01118,lncRNA,ENSG00000222005,No enriched GO,No_kegg,control_cluster2,non core,non DEG
TH2LCRR,lncRNA,ENSG00000223442,No enriched GO,No_kegg,control_cluster2,non core,non DEG
,lncRNA,ENSG00000223528,No enriched GO,No_kegg,control_cluster2,non core,non DEG
,lncRNA,ENSG00000223720,No enriched GO,No_kegg,control_cluster2,non core,non DEG
CERS1,protein_coding,ENSG00000223802,No enriched GO,No_kegg,control_cluster2,non core,non DEG
SNHG14,lncRNA,ENSG00000224078,"intracellular trafficking,Neurogenesis,No enriched GO,Others",No_kegg,control_cluster2,non core,non DEG
PRR29,protein_coding,ENSG00000224383,No enriched GO,No_kegg,control_cluster2,non core,non DEG
ATXN1L,protein_coding,ENSG00000224470,No enriched GO,No_kegg,control_cluster2,non core,non DEG
HNRNPA1L3,protein_coding,ENSG00000224578,No enriched GO,No_kegg,control_cluster2,non core,non DEG
,lncRNA,ENSG00000225032,No enriched GO,No_kegg,control_cluster2,non core,non DEG
MIR137HG,lncRNA,ENSG00000225206,Neurogenesis,No_kegg,control_cluster2,non core,non DEG
,lncRNA,ENSG00000226576,No enriched GO,No_kegg,control_cluster2,non core,non DEG
IL1R1-AS1,lncRNA,ENSG00000226925,No enriched GO,No_kegg,control_cluster2,non core,non DEG
HORMAD2-AS1,lncRNA,ENSG00000227117,No enriched GO,No_kegg,control_cluster2,non core,non DEG
,lncRNA,ENSG00000227197,No enriched GO,No_kegg,control_cluster2,non core,non DEG
,lncRNA,ENSG00000227407,No enriched GO,No_kegg,control_cluster2,non core,non DEG
SCAMP4,protein_coding,ENSG00000227500,No enriched GO,No_kegg,control_cluster2,non core,non DEG
STEAP2-AS1,lncRNA,ENSG00000227646,No enriched GO,No_kegg,control_cluster2,non core,non DEG
MELTF-AS1,lncRNA,ENSG00000228109,No enriched GO,No_kegg,control_cluster2,non core,non DEG
,lncRNA,ENSG00000228172,"intracellular trafficking,Neurogenesis,No enriched GO,Others",No_kegg,control_cluster2,non core,non DEG
LINC02263,lncRNA,ENSG00000228358,Neurogenesis,No_kegg,control_cluster2,non core,non DEG
,lncRNA,ENSG00000228748,No enriched GO,No_kegg,control_cluster2,non core,non DEG
,lncRNA,ENSG00000228804,No enriched GO,No_kegg,control_cluster2,non core,non DEG
MIR4500HG,lncRNA,ENSG00000228824,No enriched GO,No_kegg,control_cluster2,non core,non DEG
LINC00200,lncRNA,ENSG00000229205,No enriched GO,No_kegg,control_cluster2,non core,non DEG
ACAP2-IT1,lncRNA,ENSG00000229325,Others,No_kegg,control_cluster2,non core,non DEG
BCAN-AS2,lncRNA,ENSG00000229953,No enriched GO,No_kegg,control_cluster2,non core,non DEG
,lncRNA,ENSG00000230454,No enriched GO,No_kegg,control_cluster2,non core,non DEG
LINC01362,lncRNA,ENSG00000230817,"intracellular trafficking,Others",No_kegg,control_cluster2,non core,non DEG
LINC02976,lncRNA,ENSG00000231113,No enriched GO,No_kegg,control_cluster2,non core,non DEG
SPRY4-AS1,lncRNA,ENSG00000231185,No enriched GO,No_kegg,control_cluster2,non core,non DEG
,lncRNA,ENSG00000231533,No enriched GO,No_kegg,control_cluster2,non core,non DEG
EHBP1-AS1,lncRNA,ENSG00000231609,Neurogenesis,No_kegg,control_cluster2,non core,non DEG
LINC01090,lncRNA,ENSG00000231689,No enriched GO,No_kegg,control_cluster2,non core,non DEG
DLX6-AS1,lncRNA,ENSG00000231764,No enriched GO,No_kegg,control_cluster2,non core,non DEG
STAT4-AS1,lncRNA,ENSG00000231858,No enriched GO,No_kegg,control_cluster2,non core,non DEG
,lncRNA,ENSG00000231896,No enriched GO,No_kegg,control_cluster2,non core,non DEG
EP300-AS1,lncRNA,ENSG00000231993,No enriched GO,No_kegg,control_cluster2,non core,non DEG
,lncRNA,ENSG00000232342,No enriched GO,No_kegg,control_cluster2,non core,non DEG
PLXNB3-AS1,lncRNA,ENSG00000232725,"intracellular trafficking,Others",No_kegg,control_cluster2,non core,non DEG
,lncRNA,ENSG00000232748,No enriched GO,No_kegg,control_cluster2,non core,non DEG
,lncRNA,ENSG00000232807,No enriched GO,No_kegg,control_cluster2,non core,non DEG
PLPPR5-AS1,lncRNA,ENSG00000232825,No enriched GO,No_kegg,control_cluster2,non core,non DEG
,lncRNA,ENSG00000232935,No enriched GO,No_kegg,control_cluster2,non core,non DEG
,lncRNA,ENSG00000233290,No enriched GO,No_kegg,control_cluster2,non core,non DEG
ZNF529-AS1,lncRNA,ENSG00000233527,No enriched GO,No_kegg,control_cluster2,non core,non DEG
GTF3C2-AS2,lncRNA,ENSG00000234072,No enriched GO,No_kegg,control_cluster2,non core,non DEG
TRIM26,protein_coding,ENSG00000234127,No enriched GO,No_kegg,control_cluster2,non core,non DEG
SP2-AS1,lncRNA,ENSG00000234494,No enriched GO,No_kegg,control_cluster2,non core,non DEG
ERICH3-AS1,lncRNA,ENSG00000234497,"Neurogenesis,No enriched GO,Others",No_kegg,control_cluster2,non core,non DEG
EPCAM-DT,lncRNA,ENSG00000234690,No enriched GO,No_kegg,control_cluster2,non core,non DEG
HLA-B,protein_coding,ENSG00000234745,No enriched GO,No_kegg,control_cluster2,non core,non DEG
SLC25A25-AS1,lncRNA,ENSG00000234771,No enriched GO,No_kegg,control_cluster2,non core,non DEG
,lncRNA,ENSG00000234848,No enriched GO,No_kegg,control_cluster2,non core,non DEG
DPP10-AS1,lncRNA,ENSG00000235026,intracellular trafficking,No_kegg,control_cluster2,non core,non DEG
,lncRNA,ENSG00000235066,No enriched GO,No_kegg,control_cluster2,non core,non DEG
RAMACL,protein_coding,ENSG00000235272,No enriched GO,No_kegg,control_cluster2,non core,non DEG
,lncRNA,ENSG00000235426,"intracellular trafficking,Neurogenesis,No enriched GO,Others",No_kegg,control_cluster2,non core,non DEG
MSC-AS1,lncRNA,ENSG00000235531,No enriched GO,No_kegg,control_cluster2,non core,non DEG
OLMALINC,lncRNA,ENSG00000235823,No enriched GO,No_kegg,control_cluster2,non core,non DEG
,lncRNA,ENSG00000235837,No enriched GO,No_kegg,control_cluster2,non core,non DEG
RMDN2-AS1,lncRNA,ENSG00000235848,No enriched GO,No_kegg,control_cluster2,non core,non DEG
,lncRNA,ENSG00000236283,No enriched GO,No_kegg,control_cluster2,non core,non DEG
,lncRNA,ENSG00000236304,No enriched GO,No_kegg,control_cluster2,non core,non DEG
TRHDE-AS1,lncRNA,ENSG00000236333,Neurogenesis,No_kegg,control_cluster2,non core,non DEG
,lncRNA,ENSG00000236723,No enriched GO,No_kegg,control_cluster2,non core,non DEG
NR2F1-AS1,lncRNA,ENSG00000237187,"intracellular trafficking,Neurogenesis",No_kegg,control_cluster2,non core,non DEG
RGL2,protein_coding,ENSG00000237441,intracellular trafficking,No_kegg,control_cluster2,non core,non DEG
LRRC7-AS1,lncRNA,ENSG00000237919,No enriched GO,No_kegg,control_cluster2,non core,non DEG
CNTN4-AS1,lncRNA,ENSG00000237990,No enriched GO,No_kegg,control_cluster2,non core,non DEG
ZEB2-AS1,lncRNA,ENSG00000238057,No enriched GO,No_kegg,control_cluster2,non core,non DEG
LINC00391,lncRNA,ENSG00000238230,No enriched GO,No_kegg,control_cluster2,non core,non DEG
CASTOR1,protein_coding,ENSG00000239282,No enriched GO,No_kegg,control_cluster2,non core,non DEG
MYLK-AS1,lncRNA,ENSG00000239523,No enriched GO,No_kegg,control_cluster2,non core,non DEG
,lncRNA,ENSG00000239775,No enriched GO,No_kegg,control_cluster2,non core,non DEG
LY6G5B,protein_coding,ENSG00000240053,No enriched GO,No_kegg,control_cluster2,non core,non DEG
PSMB9,protein_coding,ENSG00000240065,No enriched GO,No_kegg,control_cluster2,non core,non DEG
,lncRNA,ENSG00000240291,"intracellular trafficking,Neurogenesis,Others",No_kegg,control_cluster2,non core,non DEG
,lncRNA,ENSG00000240499,No enriched GO,No_kegg,control_cluster2,non core,non DEG
LINC02067,lncRNA,ENSG00000240567,No enriched GO,No_kegg,control_cluster2,non core,non DEG
ISY1,protein_coding,ENSG00000240682,No enriched GO,No_kegg,control_cluster2,non core,non DEG
PEDS1,protein_coding,ENSG00000240849,No enriched GO,No_kegg,control_cluster2,non core,non DEG
EGFL8,protein_coding,ENSG00000241404,No enriched GO,No_kegg,control_cluster2,non core,non DEG
PLEKHO2,protein_coding,ENSG00000241839,No enriched GO,No_kegg,control_cluster2,non core,non DEG
C8orf58,protein_coding,ENSG00000241852,No enriched GO,No_kegg,control_cluster2,non core,non DEG
HYPK,protein_coding,ENSG00000242028,No enriched GO,No_kegg,control_cluster2,non core,non DEG
NECTIN3-AS1,lncRNA,ENSG00000242242,No enriched GO,No_kegg,control_cluster2,non core,non DEG
,lncRNA,ENSG00000242590,No enriched GO,No_kegg,control_cluster2,non core,non DEG
,lncRNA,ENSG00000242798,No enriched GO,No_kegg,control_cluster2,non core,non DEG
AP5Z1,protein_coding,ENSG00000242802,No enriched GO,No_kegg,control_cluster2,non core,non DEG
,lncRNA,ENSG00000242861,No enriched GO,No_kegg,control_cluster2,non core,non DEG
TDRD6-AS1,lncRNA,ENSG00000242973,"Neurogenesis,No enriched GO",No_kegg,control_cluster2,non core,non DEG
,lncRNA,ENSG00000244327,No enriched GO,No_kegg,control_cluster2,non core,non DEG
PTCHD4,protein_coding,ENSG00000244694,No enriched GO,No_kegg,control_cluster2,non core,non DEG
BMAL2-AS1,lncRNA,ENSG00000245311,No enriched GO,No_kegg,control_cluster2,non core,non DEG
RETREG1-AS1,lncRNA,ENSG00000246214,No enriched GO,No_kegg,control_cluster2,non core,non DEG
,lncRNA,ENSG00000246316,No enriched GO,No_kegg,control_cluster2,non core,non DEG
LINC02458,lncRNA,ENSG00000246363,No enriched GO,No_kegg,control_cluster2,non core,non DEG
,lncRNA,ENSG00000246731,No enriched GO,No_kegg,control_cluster2,non core,non DEG
,lncRNA,ENSG00000247049,No enriched GO,No_kegg,control_cluster2,non core,non DEG
CKMT2-AS1,lncRNA,ENSG00000247572,No enriched GO,No_kegg,control_cluster2,non core,non DEG
LRP4-AS1,lncRNA,ENSG00000247675,No enriched GO,No_kegg,control_cluster2,non core,non DEG
FAM13A-AS1,lncRNA,ENSG00000248019,No enriched GO,No_kegg,control_cluster2,non core,non DEG
,lncRNA,ENSG00000248223,No enriched GO,No_kegg,control_cluster2,non core,non DEG
,protein_coding,ENSG00000248235,No enriched GO,No_kegg,control_cluster2,non core,non DEG
CDK11B,protein_coding,ENSG00000248333,No enriched GO,No_kegg,control_cluster2,non core,non DEG
TNFSF12-TNFSF13,protein_coding,ENSG00000248871,No enriched GO,No_kegg,control_cluster2,non core,non DEG
LINC02231,lncRNA,ENSG00000248995,intracellular trafficking,No_kegg,control_cluster2,non core,non DEG
HAUS5,protein_coding,ENSG00000249115,No enriched GO,No_kegg,control_cluster2,non core,non DEG
,protein_coding,ENSG00000249240,No enriched GO,No_kegg,control_cluster2,non core,non DEG
,lncRNA,ENSG00000249309,"intracellular trafficking,Neurogenesis,No enriched GO,Others",No_kegg,control_cluster2,non core,non DEG
,lncRNA,ENSG00000249753,No enriched GO,No_kegg,control_cluster2,non core,non DEG
,lncRNA,ENSG00000249776,No enriched GO,No_kegg,control_cluster2,non core,non DEG
,lncRNA,ENSG00000249875,No enriched GO,No_kegg,control_cluster2,non core,non DEG
GJD2-DT,lncRNA,ENSG00000250007,No enriched GO,No_kegg,control_cluster2,non core,non DEG
MAPK10-AS1,lncRNA,ENSG00000250062,No enriched GO,No_kegg,control_cluster2,non core,non DEG
C2CD5-AS1,lncRNA,ENSG00000250166,"intracellular trafficking,Neurogenesis,No enriched GO,Others",No_kegg,control_cluster2,non core,non DEG
,lncRNA,ENSG00000250379,No enriched GO,No_kegg,control_cluster2,non core,non DEG
LINC01182,lncRNA,ENSG00000250634,No enriched GO,No_kegg,control_cluster2,non core,non DEG
,lncRNA,ENSG00000250646,No enriched GO,No_kegg,control_cluster2,non core,non DEG
KHDRBS2-OT1,lncRNA,ENSG00000250686,No enriched GO,No_kegg,control_cluster2,non core,non DEG
CCDC169-SOHLH2,protein_coding,ENSG00000250709,No enriched GO,No_kegg,control_cluster2,non core,non DEG
EPHA5-AS1,lncRNA,ENSG00000250846,No enriched GO,No_kegg,control_cluster2,non core,non DEG
THAP9-AS1,lncRNA,ENSG00000251022,No enriched GO,No_kegg,control_cluster2,non core,non DEG
MRPS30-DT,lncRNA,ENSG00000251141,"intracellular trafficking,Neurogenesis",No_kegg,control_cluster2,non core,non DEG
,lncRNA,ENSG00000251294,No enriched GO,No_kegg,control_cluster2,non core,non DEG
,lncRNA,ENSG00000251314,No enriched GO,No_kegg,control_cluster2,non core,non DEG
RASGRF2-AS1,lncRNA,ENSG00000251450,No enriched GO,No_kegg,control_cluster2,non core,non DEG
,lncRNA,ENSG00000251661,No enriched GO,No_kegg,control_cluster2,non core,non DEG
,lncRNA,ENSG00000251680,No enriched GO,No_kegg,control_cluster2,non core,non DEG
,lncRNA,ENSG00000253194,No enriched GO,No_kegg,control_cluster2,non core,non DEG
,lncRNA,ENSG00000253452,No enriched GO,No_kegg,control_cluster2,non core,non DEG
LRRC24,protein_coding,ENSG00000254402,No enriched GO,No_kegg,control_cluster2,non core,non DEG
CAPS2-AS1,lncRNA,ENSG00000254451,No enriched GO,No_kegg,control_cluster2,non core,non DEG
CHMP4A,protein_coding,ENSG00000254505,No enriched GO,No_kegg,control_cluster2,non core,non DEG
,lncRNA,ENSG00000254665,No enriched GO,No_kegg,control_cluster2,non core,non DEG
,protein_coding,ENSG00000254692,No enriched GO,No_kegg,control_cluster2,non core,non DEG
DPP3,protein_coding,ENSG00000254986,No enriched GO,No_kegg,control_cluster2,non core,non DEG
,protein_coding,ENSG00000255054,No enriched GO,No_kegg,control_cluster2,non core,non DEG
PCDHA3,protein_coding,ENSG00000255408,Neurogenesis,No_kegg,control_cluster2,non core,non DEG
,protein_coding,ENSG00000255439,No enriched GO,No_kegg,control_cluster2,non core,non DEG
FAM222A-AS1,lncRNA,ENSG00000255650,No enriched GO,No_kegg,control_cluster2,non core,non DEG
,protein_coding,ENSG00000255730,No enriched GO,No_kegg,control_cluster2,non core,non DEG
PXN-AS1,lncRNA,ENSG00000255857,"intracellular trafficking,Neurogenesis,No enriched GO,Others",No_kegg,control_cluster2,non core,non DEG
RPS6KB2-AS1,lncRNA,ENSG00000255949,No enriched GO,No_kegg,control_cluster2,non core,non DEG
SMIM3,protein_coding,ENSG00000256235,No enriched GO,No_kegg,control_cluster2,non core,non DEG
LINC02552,lncRNA,ENSG00000256422,No enriched GO,No_kegg,control_cluster2,non core,non DEG
,lncRNA,ENSG00000256705,No enriched GO,No_kegg,control_cluster2,non core,non DEG
,protein_coding,ENSG00000256950,No enriched GO,No_kegg,control_cluster2,non core,non DEG
LINC00508,lncRNA,ENSG00000256971,No enriched GO,No_kegg,control_cluster2,non core,non DEG
,lncRNA,ENSG00000257191,Others,No_kegg,control_cluster2,non core,non DEG
,lncRNA,ENSG00000257270,No enriched GO,No_kegg,control_cluster2,non core,non DEG
RPAP3-DT,lncRNA,ENSG00000257433,"intracellular trafficking,Neurogenesis,No enriched GO,Others",No_kegg,control_cluster2,non core,non DEG
,lncRNA,ENSG00000257449,No enriched GO,No_kegg,control_cluster2,non core,non DEG
PPFIA2-AS1,lncRNA,ENSG00000257467,No enriched GO,No_kegg,control_cluster2,non core,non DEG
,lncRNA,ENSG00000257732,No enriched GO,No_kegg,control_cluster2,non core,non DEG
P2RX5-TAX1BP3,protein_coding,ENSG00000257950,No enriched GO,No_kegg,control_cluster2,non core,non DEG
CD63-AS1,lncRNA,ENSG00000258056,No enriched GO,No_kegg,control_cluster2,non core,non DEG
VASH1-AS1,lncRNA,ENSG00000258301,No enriched GO,No_kegg,control_cluster2,non core,non DEG
PPT2-EGFL8,protein_coding,ENSG00000258388,No enriched GO,No_kegg,control_cluster2,non core,non DEG
,lncRNA,ENSG00000258604,No enriched GO,No_kegg,control_cluster2,non core,non DEG
,lncRNA,ENSG00000258610,"intracellular trafficking,No enriched GO,Others",No_kegg,control_cluster2,non core,non DEG
,lncRNA,ENSG00000258637,"intracellular trafficking,Neurogenesis",No_kegg,control_cluster2,non core,non DEG
,protein_coding,ENSG00000258677,No enriched GO,No_kegg,control_cluster2,non core,non DEG
,protein_coding,ENSG00000258881,No enriched GO,No_kegg,control_cluster2,non core,non DEG
,lncRNA,ENSG00000259081,intracellular trafficking,No_kegg,control_cluster2,non core,non DEG
,lncRNA,ENSG00000259115,No enriched GO,No_kegg,control_cluster2,non core,non DEG
,lncRNA,ENSG00000259515,No enriched GO,No_kegg,control_cluster2,non core,non DEG
,protein_coding,ENSG00000259522,No enriched GO,No_kegg,control_cluster2,non core,non DEG
,protein_coding,ENSG00000259529,No enriched GO,No_kegg,control_cluster2,non core,non DEG
CRTC3-AS1,lncRNA,ENSG00000259736,No enriched GO,No_kegg,control_cluster2,non core,non DEG
,lncRNA,ENSG00000259891,No enriched GO,No_kegg,control_cluster2,non core,non DEG
,lncRNA,ENSG00000259899,No enriched GO,No_kegg,control_cluster2,non core,non DEG
MIR762HG,lncRNA,ENSG00000260083,"No enriched GO,Others",No_kegg,control_cluster2,non core,non DEG
PTPN23-DT,lncRNA,ENSG00000260236,No enriched GO,No_kegg,control_cluster2,non core,non DEG
PMF1-BGLAP,protein_coding,ENSG00000260238,No enriched GO,No_kegg,control_cluster2,non core,non DEG
,lncRNA,ENSG00000260391,No enriched GO,No_kegg,control_cluster2,non core,non DEG
LINC01917,lncRNA,ENSG00000260433,No enriched GO,No_kegg,control_cluster2,non core,non DEG
,lncRNA,ENSG00000260465,No enriched GO,No_kegg,control_cluster2,non core,non DEG
,protein_coding,ENSG00000260643,No enriched GO,No_kegg,control_cluster2,non core,non DEG
CCPG1,protein_coding,ENSG00000260916,Others,No_kegg,control_cluster2,non core,non DEG
,lncRNA,ENSG00000260948,No enriched GO,No_kegg,control_cluster2,non core,non DEG
,lncRNA,ENSG00000261067,No enriched GO,No_kegg,control_cluster2,non core,non DEG
,lncRNA,ENSG00000261098,No enriched GO,No_kegg,control_cluster2,non core,non DEG
,lncRNA,ENSG00000261195,No enriched GO,No_kegg,control_cluster2,non core,non DEG
,lncRNA,ENSG00000261312,No enriched GO,No_kegg,control_cluster2,non core,non DEG
PECAM1,protein_coding,ENSG00000261371,Neurogenesis,No_kegg,control_cluster2,non core,non DEG
,lncRNA,ENSG00000261474,No enriched GO,No_kegg,control_cluster2,non core,non DEG
,lncRNA,ENSG00000261641,No enriched GO,No_kegg,control_cluster2,non core,non DEG
,protein_coding,ENSG00000261717,No enriched GO,No_kegg,control_cluster2,non core,non DEG
MIR3976HG,lncRNA,ENSG00000261738,No enriched GO,No_kegg,control_cluster2,non core,non DEG
DNAAF4-CCPG1,lncRNA,ENSG00000261771,No enriched GO,No_kegg,control_cluster2,non core,non DEG
LINC00662,lncRNA,ENSG00000261824,No enriched GO,No_kegg,control_cluster2,non core,non DEG
,protein_coding,ENSG00000261884,No enriched GO,No_kegg,control_cluster2,non core,non DEG
CORO7,protein_coding,ENSG00000262246,No enriched GO,No_kegg,control_cluster2,non core,non DEG
,lncRNA,ENSG00000262721,"No enriched GO,Others",No_kegg,control_cluster2,non core,non DEG
,lncRNA,ENSG00000262791,"intracellular trafficking,Neurogenesis,No enriched GO,Others",No_kegg,control_cluster2,non core,non DEG
,lncRNA,ENSG00000262967,No enriched GO,No_kegg,control_cluster2,non core,non DEG
LINC01896,lncRNA,ENSG00000263146,No enriched GO,No_kegg,control_cluster2,non core,non DEG
,lncRNA,ENSG00000263624,No enriched GO,No_kegg,control_cluster2,non core,non DEG
OTUD7B,protein_coding,ENSG00000264522,No enriched GO,No_kegg,control_cluster2,non core,non DEG
,lncRNA,ENSG00000264701,No enriched GO,No_kegg,control_cluster2,non core,non DEG
,lncRNA,ENSG00000265128,No enriched GO,No_kegg,control_cluster2,non core,non DEG
,protein_coding,ENSG00000266728,No enriched GO,No_kegg,control_cluster2,non core,non DEG
,lncRNA,ENSG00000266844,No enriched GO,No_kegg,control_cluster2,non core,non DEG
,lncRNA,ENSG00000266929,"Neurogenesis,No enriched GO,Others",No_kegg,control_cluster2,non core,non DEG
FXYD1,protein_coding,ENSG00000266964,No enriched GO,No_kegg,control_cluster2,non core,non DEG
,lncRNA,ENSG00000267058,No enriched GO,No_kegg,control_cluster2,non core,non DEG
,lncRNA,ENSG00000267219,No enriched GO,No_kegg,control_cluster2,non core,non DEG
C17orf113,protein_coding,ENSG00000267221,No enriched GO,No_kegg,control_cluster2,non core,non DEG
UPK3BL1,protein_coding,ENSG00000267368,No enriched GO,No_kegg,control_cluster2,non core,non DEG
LINC01901,lncRNA,ENSG00000267413,No enriched GO,No_kegg,control_cluster2,non core,non DEG
,protein_coding,ENSG00000267426,No enriched GO,No_kegg,control_cluster2,non core,non DEG
,protein_coding,ENSG00000267561,No enriched GO,No_kegg,control_cluster2,non core,non DEG
,protein_coding,ENSG00000268279,No enriched GO,No_kegg,control_cluster2,non core,non DEG
,protein_coding,ENSG00000269179,No enriched GO,No_kegg,control_cluster2,non core,non DEG
,lncRNA,ENSG00000269289,No enriched GO,No_kegg,control_cluster2,non core,non DEG
ZNF470-DT,lncRNA,ENSG00000269696,No enriched GO,No_kegg,control_cluster2,non core,non DEG
SLC25A53,protein_coding,ENSG00000269743,No enriched GO,No_kegg,control_cluster2,non core,non DEG
ZNF528-AS1,lncRNA,ENSG00000269834,"intracellular trafficking,Neurogenesis,No enriched GO,Others",No_kegg,control_cluster2,non core,non DEG
,lncRNA,ENSG00000269888,No enriched GO,No_kegg,control_cluster2,non core,non DEG
LIX1L,protein_coding,ENSG00000271601,No enriched GO,No_kegg,control_cluster2,non core,non DEG
,protein_coding,ENSG00000271810,No enriched GO,No_kegg,control_cluster2,non core,non DEG
,lncRNA,ENSG00000271894,"intracellular trafficking,Neurogenesis,No enriched GO,Others",No_kegg,control_cluster2,non core,non DEG
,lncRNA,ENSG00000272030,No enriched GO,No_kegg,control_cluster2,non core,non DEG
,lncRNA,ENSG00000272149,No enriched GO,No_kegg,control_cluster2,non core,non DEG
KMT2B,protein_coding,ENSG00000272333,No enriched GO,No_kegg,control_cluster2,non core,non DEG
,lncRNA,ENSG00000272341,No enriched GO,No_kegg,control_cluster2,non core,non DEG
ADIRF-AS1,lncRNA,ENSG00000272734,No enriched GO,No_kegg,control_cluster2,non core,non DEG
,lncRNA,ENSG00000272762,No enriched GO,No_kegg,control_cluster2,non core,non DEG
,protein_coding,ENSG00000272916,No enriched GO,No_kegg,control_cluster2,non core,non DEG
GRIN2B,protein_coding,ENSG00000273079,No enriched GO,kegg,control_cluster2,non core,non DEG
,lncRNA,ENSG00000273413,No enriched GO,No_kegg,control_cluster2,non core,non DEG
NOL12,protein_coding,ENSG00000273899,No enriched GO,No_kegg,control_cluster2,non core,non DEG
,artifact,ENSG00000274276,No enriched GO,No_kegg,control_cluster2,non core,non DEG
RCC1L,protein_coding,ENSG00000274523,No enriched GO,No_kegg,control_cluster2,non core,non DEG
,lncRNA,ENSG00000274874,No enriched GO,No_kegg,control_cluster2,non core,non DEG
,lncRNA,ENSG00000274893,No enriched GO,No_kegg,control_cluster2,non core,non DEG
MLLT6,protein_coding,ENSG00000275023,No enriched GO,No_kegg,control_cluster2,non core,non DEG
,lncRNA,ENSG00000275665,No enriched GO,No_kegg,control_cluster2,non core,non DEG
,lncRNA,ENSG00000275741,No enriched GO,No_kegg,control_cluster2,non core,non DEG
ARHGAP23,protein_coding,ENSG00000275832,No enriched GO,No_kegg,control_cluster2,non core,non DEG
,lncRNA,ENSG00000276564,No enriched GO,No_kegg,control_cluster2,non core,non DEG
LINC00235,lncRNA,ENSG00000277142,No enriched GO,No_kegg,control_cluster2,non core,non DEG
SRCIN1,protein_coding,ENSG00000277363,No enriched GO,No_kegg,control_cluster2,non core,non DEG
ACACA,protein_coding,ENSG00000278540,No enriched GO,No_kegg,control_cluster2,non core,non DEG
PAGR1,protein_coding,ENSG00000280789,No enriched GO,No_kegg,control_cluster2,non core,non DEG
PTENP1-AS,lncRNA,ENSG00000281128,No enriched GO,No_kegg,control_cluster2,non core,non DEG
,protein_coding,ENSG00000281348,No enriched GO,No_kegg,control_cluster2,non core,non DEG
METTL14-DT,lncRNA,ENSG00000281731,No enriched GO,No_kegg,control_cluster2,non core,non DEG
GIMAP1-GIMAP5,protein_coding,ENSG00000281887,No enriched GO,No_kegg,control_cluster2,non core,non DEG
,protein_coding,ENSG00000282034,No enriched GO,No_kegg,control_cluster2,non core,non DEG
,protein_coding,ENSG00000282218,No enriched GO,No_kegg,control_cluster2,non core,non DEG
,lncRNA,ENSG00000282917,Others,No_kegg,control_cluster2,non core,non DEG
,lncRNA,ENSG00000283058,No enriched GO,No_kegg,control_cluster2,non core,non DEG
,lncRNA,ENSG00000283155,"intracellular trafficking,Neurogenesis,No enriched GO",No_kegg,control_cluster2,non core,non DEG
,protein_coding,ENSG00000283239,No enriched GO,No_kegg,control_cluster2,non core,non DEG
CSNKA2IP,protein_coding,ENSG00000283434,No enriched GO,No_kegg,control_cluster2,non core,non DEG
LINC01902,lncRNA,ENSG00000283503,No enriched GO,No_kegg,control_cluster2,non core,non DEG
,protein_coding,ENSG00000284341,No enriched GO,No_kegg,control_cluster2,non core,non DEG
,lncRNA,ENSG00000284968,No enriched GO,No_kegg,control_cluster2,non core,non DEG
,lncRNA,ENSG00000285095,No enriched GO,No_kegg,control_cluster2,non core,non DEG
,lncRNA,ENSG00000285190,"No enriched GO,Others",No_kegg,control_cluster2,non core,non DEG
,protein_coding,ENSG00000285238,No enriched GO,No_kegg,control_cluster2,non core,non DEG
,protein_coding,ENSG00000285245,No enriched GO,No_kegg,control_cluster2,non core,non DEG
,lncRNA,ENSG00000285314,No enriched GO,No_kegg,control_cluster2,non core,non DEG
,protein_coding,ENSG00000285458,No enriched GO,No_kegg,control_cluster2,non core,non DEG
,lncRNA,ENSG00000285517,No enriched GO,No_kegg,control_cluster2,non core,non DEG
,lncRNA,ENSG00000285539,No enriched GO,No_kegg,control_cluster2,non core,non DEG
,lncRNA,ENSG00000285599,No enriched GO,No_kegg,control_cluster2,non core,non DEG
,protein_coding,ENSG00000285816,No enriched GO,No_kegg,control_cluster2,non core,non DEG
,lncRNA,ENSG00000285867,No enriched GO,No_kegg,control_cluster2,non core,non DEG
,lncRNA,ENSG00000285885,No enriched GO,No_kegg,control_cluster2,non core,non DEG
LINC02822,lncRNA,ENSG00000286021,No enriched GO,No_kegg,control_cluster2,non core,non DEG
,lncRNA,ENSG00000286078,No enriched GO,No_kegg,control_cluster2,non core,non DEG
,lncRNA,ENSG00000286133,No enriched GO,No_kegg,control_cluster2,non core,non DEG
,lncRNA,ENSG00000286159,"intracellular trafficking,Neurogenesis,No enriched GO,Others",No_kegg,control_cluster2,non core,non DEG
,lncRNA,ENSG00000286195,No enriched GO,No_kegg,control_cluster2,non core,non DEG
,lncRNA,ENSG00000286282,No enriched GO,No_kegg,control_cluster2,non core,non DEG
,lncRNA,ENSG00000286430,No enriched GO,No_kegg,control_cluster2,non core,non DEG
,lncRNA,ENSG00000286489,No enriched GO,No_kegg,control_cluster2,non core,non DEG
,lncRNA,ENSG00000286542,No enriched GO,No_kegg,control_cluster2,non core,non DEG
,lncRNA,ENSG00000286548,No enriched GO,No_kegg,control_cluster2,non core,non DEG
,lncRNA,ENSG00000286555,No enriched GO,No_kegg,control_cluster2,non core,non DEG
,lncRNA,ENSG00000286861,No enriched GO,No_kegg,control_cluster2,non core,non DEG
,lncRNA,ENSG00000286883,No enriched GO,No_kegg,control_cluster2,non core,non DEG
,lncRNA,ENSG00000286961,No enriched GO,No_kegg,control_cluster2,non core,non DEG
,lncRNA,ENSG00000286971,No enriched GO,No_kegg,control_cluster2,non core,non DEG
C2orf27A,lncRNA,ENSG00000287151,No enriched GO,No_kegg,control_cluster2,non core,non DEG
,lncRNA,ENSG00000287378,"intracellular trafficking,Neurogenesis,No enriched GO,Others",No_kegg,control_cluster2,non core,non DEG
,lncRNA,ENSG00000287516,No enriched GO,No_kegg,control_cluster2,non core,non DEG
,lncRNA,ENSG00000287533,No enriched GO,No_kegg,control_cluster2,non core,non DEG
,lncRNA,ENSG00000287562,No enriched GO,No_kegg,control_cluster2,non core,non DEG
,lncRNA,ENSG00000287629,No enriched GO,No_kegg,control_cluster2,non core,non DEG
,lncRNA,ENSG00000287916,No enriched GO,No_kegg,control_cluster2,non core,non DEG
,lncRNA,ENSG00000287965,No enriched GO,No_kegg,control_cluster2,non core,non DEG
,lncRNA,ENSG00000288102,No enriched GO,No_kegg,control_cluster2,non core,non DEG
,lncRNA,ENSG00000288543,No enriched GO,No_kegg,control_cluster2,non core,non DEG
,protein_coding,ENSG00000288591,No enriched GO,No_kegg,control_cluster2,non core,non DEG
,protein_coding,ENSG00000288681,No enriched GO,No_kegg,control_cluster2,non core,non DEG
LASP1,protein_coding,ENSG00000002834,No enriched GO,No_kegg,control_cluster3,non core,non DEG
CYP26B1,protein_coding,ENSG00000003137,No enriched GO,No_kegg,control_cluster3,non core,non DEG
CAMKK1,protein_coding,ENSG00000004660,No enriched GO,No_kegg,control_cluster3,non core,non DEG
NDUFAB1,protein_coding,ENSG00000004779,Mitochondrial energy production,kegg,control_cluster3,non core,non DEG
ARX,protein_coding,ENSG00000004848,Neurogenesis,No_kegg,control_cluster3,non core,non DEG
MSL3,protein_coding,ENSG00000005302,No enriched GO,No_kegg,control_cluster3,non core,non DEG
RHBDD2,protein_coding,ENSG00000005486,No enriched GO,No_kegg,control_cluster3,non core,non DEG
PDK2,protein_coding,ENSG00000005882,"cellular homeostasis,Mitochondrial energy production",No_kegg,control_cluster3,non core,non DEG
AP2B1,protein_coding,ENSG00000006125,"intracellular trafficking,Synapse signaling",No_kegg,control_cluster3,non core,non DEG
CX3CL1,protein_coding,ENSG00000006210,"cellular homeostasis,Cytoskeleton organization,Synapse signaling",No_kegg,control_cluster3,non core,non DEG
CDKL3,protein_coding,ENSG00000006837,Neurogenesis,No_kegg,control_cluster3,non core,non DEG
SYN1,protein_coding,ENSG00000008056,"intracellular trafficking,Synapse signaling",No_kegg,control_cluster3,non core,non DEG
CAMK1G,protein_coding,ENSG00000008118,No enriched GO,No_kegg,control_cluster3,non core,non DEG
CYB561,protein_coding,ENSG00000008283,"cellular homeostasis,Mitochondrial energy production",No_kegg,control_cluster3,non core,non DEG
MAPK8IP2,protein_coding,ENSG00000008735,"cellular homeostasis,intracellular trafficking,Neurogenesis,Synapse signaling",No_kegg,control_cluster3,non core,non DEG
RHOBTB2,protein_coding,ENSG00000008853,intracellular trafficking,No_kegg,control_cluster3,non core,non DEG
UQCRC1,protein_coding,ENSG00000010256,Mitochondrial energy production,kegg,control_cluster3,non core,non DEG
IDS,protein_coding,ENSG00000010404,No enriched GO,No_kegg,control_cluster3,non core,non DEG
CLCN6,protein_coding,ENSG00000011021,No enriched GO,No_kegg,control_cluster3,non core,non DEG
MBTD1,protein_coding,ENSG00000011258,No enriched GO,No_kegg,control_cluster3,non core,non DEG
DPF1,protein_coding,ENSG00000011332,No enriched GO,No_kegg,control_cluster3,non core,non DEG
UBR7,protein_coding,ENSG00000012963,No enriched GO,No_kegg,control_cluster3,non core,non DEG
EHD3,protein_coding,ENSG00000013016,"cellular homeostasis,intracellular trafficking",No_kegg,control_cluster3,non core,non DEG
PSMC4,protein_coding,ENSG00000013275,No enriched GO,kegg,control_cluster3,non core,non DEG
CAPN1,protein_coding,ENSG00000014216,"cellular homeostasis,intracellular trafficking",kegg,control_cluster3,non core,non DEG
NUDCD3,protein_coding,ENSG00000015676,No enriched GO,No_kegg,control_cluster3,non core,non DEG
NCDN,protein_coding,ENSG00000020129,Synapse signaling,No_kegg,control_cluster3,non core,non DEG
ALAS1,protein_coding,ENSG00000023330,No enriched GO,No_kegg,control_cluster3,non core,non DEG
TOMM34,protein_coding,ENSG00000025772,intracellular trafficking,No_kegg,control_cluster3,non core,non DEG
NUP160,protein_coding,ENSG00000030066,No enriched GO,No_kegg,control_cluster3,non core,non DEG
SARS1,protein_coding,ENSG00000031698,gene expression,No_kegg,control_cluster3,non core,non DEG
ABCF2,protein_coding,ENSG00000033050,No enriched GO,No_kegg,control_cluster3,non core,non DEG
ZZZ3,protein_coding,ENSG00000036549,No enriched GO,No_kegg,control_cluster3,non core,non DEG
PI4K2B,protein_coding,ENSG00000038210,intracellular trafficking,No_kegg,control_cluster3,non core,non DEG
AP2S1,protein_coding,ENSG00000042753,"intracellular trafficking,Synapse signaling",No_kegg,control_cluster3,non core,non DEG
CNTLN,protein_coding,ENSG00000044459,No enriched GO,No_kegg,control_cluster3,non core,non DEG
ATOSA,protein_coding,ENSG00000047346,No enriched GO,No_kegg,control_cluster3,non core,non DEG
PPP1R3F,protein_coding,ENSG00000049769,Mitochondrial energy production,No_kegg,control_cluster3,non core,non DEG
HEXB,protein_coding,ENSG00000049860,"cellular homeostasis,intracellular trafficking",No_kegg,control_cluster3,non core,non DEG
NNAT,protein_coding,ENSG00000053438,Synapse signaling,No_kegg,control_cluster3,non core,Down-regulated
SDCCAG8,protein_coding,ENSG00000054282,No enriched GO,No_kegg,control_cluster3,non core,non DEG
PTPRN,protein_coding,ENSG00000054356,"intracellular trafficking,Synapse signaling",No_kegg,control_cluster3,non core,non DEG
ATP9A,protein_coding,ENSG00000054793,intracellular trafficking,No_kegg,control_cluster3,non core,non DEG
CYFIP2,protein_coding,ENSG00000055163,"Cytoskeleton organization,Neurogenesis",No_kegg,control_cluster3,non core,non DEG
ATP2B4,protein_coding,ENSG00000058668,cellular homeostasis,No_kegg,control_cluster3,non core,non DEG
CS,protein_coding,ENSG00000062485,Mitochondrial energy production,No_kegg,control_cluster3,non core,non DEG
AP3D1,protein_coding,ENSG00000065000,"cellular homeostasis,intracellular trafficking,Synapse signaling",No_kegg,control_cluster3,non core,non DEG
KARS1,protein_coding,ENSG00000065427,gene expression,No_kegg,control_cluster3,non core,non DEG
PLPP1,protein_coding,ENSG00000067113,No enriched GO,No_kegg,control_cluster3,non core,non DEG
CACNB1,protein_coding,ENSG00000067191,"cellular homeostasis,intracellular trafficking,Synapse signaling",No_kegg,control_cluster3,non core,non DEG
STOML1,protein_coding,ENSG00000067221,No enriched GO,No_kegg,control_cluster3,non core,Down-regulated
PKM,protein_coding,ENSG00000067225,Mitochondrial energy production,No_kegg,control_cluster3,non core,non DEG
IDH3G,protein_coding,ENSG00000067829,Mitochondrial energy production,No_kegg,control_cluster3,non core,non DEG
ATP2B3,protein_coding,ENSG00000067842,cellular homeostasis,No_kegg,control_cluster3,non core,non DEG
TBC1D25,protein_coding,ENSG00000068354,intracellular trafficking,No_kegg,control_cluster3,non core,non DEG
PPP2R5B,protein_coding,ENSG00000068971,No enriched GO,No_kegg,control_cluster3,non core,non DEG
KCNAB2,protein_coding,ENSG00000069424,Mitochondrial energy production,No_kegg,control_cluster3,non core,non DEG
GBA2,protein_coding,ENSG00000070610,Cytoskeleton organization,No_kegg,control_cluster3,non core,non DEG
BUD23,protein_coding,ENSG00000071462,No enriched GO,No_kegg,control_cluster3,non core,non DEG
ATP6AP1,protein_coding,ENSG00000071553,"cellular homeostasis,intracellular trafficking,Mitochondrial energy production,Synapse signaling",No_kegg,control_cluster3,non core,non DEG
PRKACA,protein_coding,ENSG00000072062,"cellular homeostasis,intracellular trafficking,Synapse signaling",No_kegg,control_cluster3,non core,non DEG
CRMP1,protein_coding,ENSG00000072832,No enriched GO,No_kegg,control_cluster3,non core,non DEG
NLE1,protein_coding,ENSG00000073536,No enriched GO,No_kegg,control_cluster3,non core,non DEG
SNCB,protein_coding,ENSG00000074317,"intracellular trafficking,Synapse signaling",No_kegg,control_cluster3,non core,non DEG
SLC25A3,protein_coding,ENSG00000075415,Mitochondrial energy production,No_kegg,control_cluster3,non core,non DEG
NT5C2,protein_coding,ENSG00000076685,Mitochondrial energy production,No_kegg,control_cluster3,non core,non DEG
ACTL6B,protein_coding,ENSG00000077080,No enriched GO,No_kegg,control_cluster3,non core,non DEG
TOLLIP,protein_coding,ENSG00000078902,No enriched GO,No_kegg,control_cluster3,non core,non DEG
APLP2,protein_coding,ENSG00000084234,Neurogenesis,No_kegg,control_cluster3,non core,non DEG
WBP11,protein_coding,ENSG00000084463,No enriched GO,No_kegg,control_cluster3,non core,non DEG
KIF3C,protein_coding,ENSG00000084731,No enriched GO,No_kegg,control_cluster3,non core,non DEG
MAPRE3,protein_coding,ENSG00000084764,Cytoskeleton organization,No_kegg,control_cluster3,non core,non DEG
EIF2AK1,protein_coding,ENSG00000086232,cellular homeostasis,No_kegg,control_cluster3,non core,non DEG
ATXN7L3,protein_coding,ENSG00000087152,No enriched GO,No_kegg,control_cluster3,non core,non DEG
GNAS,protein_coding,ENSG00000087460,No enriched GO,No_kegg,control_cluster3,non core,non DEG
AAMDC,protein_coding,ENSG00000087884,No enriched GO,No_kegg,control_cluster3,non core,non DEG
EPB41L1,protein_coding,ENSG00000088367,No enriched GO,No_kegg,control_cluster3,non core,non DEG
CHGB,protein_coding,ENSG00000089199,No enriched GO,No_kegg,control_cluster3,non core,Down-regulated
PEBP1,protein_coding,ENSG00000089220,No enriched GO,No_kegg,control_cluster3,non core,non DEG
MLF2,protein_coding,ENSG00000089693,No enriched GO,No_kegg,control_cluster3,non core,non DEG
DDX24,protein_coding,ENSG00000089737,No enriched GO,No_kegg,control_cluster3,non core,non DEG
AARS1,protein_coding,ENSG00000090861,gene expression,No_kegg,control_cluster3,non core,non DEG
NLRP1,protein_coding,ENSG00000091592,No enriched GO,No_kegg,control_cluster3,non core,non DEG
SPAG7,protein_coding,ENSG00000091640,No enriched GO,No_kegg,control_cluster3,non core,non DEG
SLC22A17,protein_coding,ENSG00000092096,cellular homeostasis,No_kegg,control_cluster3,non core,non DEG
TOX4,protein_coding,ENSG00000092203,No enriched GO,No_kegg,control_cluster3,non core,non DEG
NUP50,protein_coding,ENSG00000093000,No enriched GO,No_kegg,control_cluster3,non core,non DEG
HOOK2,protein_coding,ENSG00000095066,intracellular trafficking,No_kegg,control_cluster3,non core,non DEG
HSP90AB1,protein_coding,ENSG00000096384,Neurogenesis,No_kegg,control_cluster3,non core,non DEG
PSMD8,protein_coding,ENSG00000099341,No enriched GO,kegg,control_cluster3,non core,non DEG
STX1B,protein_coding,ENSG00000099365,"intracellular trafficking,Synapse signaling",No_kegg,control_cluster3,non core,non DEG
CEP170B,protein_coding,ENSG00000099814,No enriched GO,No_kegg,control_cluster3,non core,non DEG
SNRPD3,protein_coding,ENSG00000100028,No enriched GO,No_kegg,control_cluster3,non core,non DEG
SNU13,protein_coding,ENSG00000100138,No enriched GO,No_kegg,control_cluster3,non core,non DEG
SEPTIN3,protein_coding,ENSG00000100167,Others,No_kegg,control_cluster3,non core,non DEG
JOSD1,protein_coding,ENSG00000100221,No enriched GO,No_kegg,control_cluster3,non core,non DEG
MCAT,protein_coding,ENSG00000100294,No enriched GO,No_kegg,control_cluster3,non core,non DEG
CBX7,protein_coding,ENSG00000100307,No enriched GO,No_kegg,control_cluster3,non core,non DEG
CEP128,protein_coding,ENSG00000100629,No enriched GO,No_kegg,control_cluster3,non core,non DEG
APEX1,protein_coding,ENSG00000100823,No enriched GO,No_kegg,control_cluster3,non core,non DEG
DCAF11,protein_coding,ENSG00000100897,No enriched GO,No_kegg,control_cluster3,non core,non DEG
GMPR2,protein_coding,ENSG00000100938,Mitochondrial energy production,No_kegg,control_cluster3,non core,non DEG
GSS,protein_coding,ENSG00000100983,No enriched GO,No_kegg,control_cluster3,non core,non DEG
DNAJC5,protein_coding,ENSG00000101152,"intracellular trafficking,Synapse signaling",No_kegg,control_cluster3,non core,non DEG
EEF1A2,protein_coding,ENSG00000101210,intracellular trafficking,No_kegg,control_cluster3,non core,non DEG
TM9SF4,protein_coding,ENSG00000101337,"cellular homeostasis,intracellular trafficking,Synapse signaling",No_kegg,control_cluster3,non core,non DEG
KIF3B,protein_coding,ENSG00000101350,Others,No_kegg,control_cluster3,non core,non DEG
IDH3B,protein_coding,ENSG00000101365,Mitochondrial energy production,No_kegg,control_cluster3,non core,non DEG
CHMP4B,protein_coding,ENSG00000101421,"Cytoskeleton organization,intracellular trafficking,Others",No_kegg,control_cluster3,non core,non DEG
APMAP,protein_coding,ENSG00000101474,No enriched GO,No_kegg,control_cluster3,non core,non DEG
POLA1,protein_coding,ENSG00000101868,No enriched GO,No_kegg,control_cluster3,non core,non DEG
SYP,protein_coding,ENSG00000102003,"intracellular trafficking,Synapse signaling",No_kegg,control_cluster3,non core,Down-regulated
MTMR8,protein_coding,ENSG00000102043,intracellular trafficking,No_kegg,control_cluster3,non core,non DEG
PIM2,protein_coding,ENSG00000102096,intracellular trafficking,No_kegg,control_cluster3,non core,non DEG
SLC35A2,protein_coding,ENSG00000102100,No enriched GO,No_kegg,control_cluster3,non core,non DEG
UBL4A,protein_coding,ENSG00000102178,intracellular trafficking,No_kegg,control_cluster3,non core,non DEG
USP11,protein_coding,ENSG00000102226,No enriched GO,No_kegg,control_cluster3,non core,non DEG
PORCN,protein_coding,ENSG00000102312,"intracellular trafficking,Synapse signaling",No_kegg,control_cluster3,non core,non DEG
MAGED2,protein_coding,ENSG00000102316,No enriched GO,No_kegg,control_cluster3,non core,non DEG
BEX4,protein_coding,ENSG00000102409,No enriched GO,No_kegg,control_cluster3,non core,Down-regulated
POLR2C,protein_coding,ENSG00000102978,No enriched GO,No_kegg,control_cluster3,non core,non DEG
CCDC113,protein_coding,ENSG00000103021,No enriched GO,No_kegg,control_cluster3,non core,non DEG
PRSS54,protein_coding,ENSG00000103023,No enriched GO,No_kegg,control_cluster3,non core,non DEG
NDRG4,protein_coding,ENSG00000103034,intracellular trafficking,No_kegg,control_cluster3,non core,Down-regulated
UBFD1,protein_coding,ENSG00000103353,No enriched GO,No_kegg,control_cluster3,non core,non DEG
HMOX2,protein_coding,ENSG00000103415,cellular homeostasis,No_kegg,control_cluster3,non core,non DEG
DNAJA3,protein_coding,ENSG00000103423,Synapse signaling,No_kegg,control_cluster3,non core,non DEG
TRIP4,protein_coding,ENSG00000103671,No enriched GO,No_kegg,control_cluster3,non core,non DEG
TJP1,protein_coding,ENSG00000104067,Cytoskeleton organization,No_kegg,control_cluster3,non core,non DEG
VPS18,protein_coding,ENSG00000104142,"intracellular trafficking,Synapse signaling",No_kegg,control_cluster3,non core,non DEG
INTS9,protein_coding,ENSG00000104299,No enriched GO,No_kegg,control_cluster3,non core,non DEG
BPNT2,protein_coding,ENSG00000104331,No enriched GO,No_kegg,control_cluster3,non core,non DEG
ERI1,protein_coding,ENSG00000104626,No enriched GO,No_kegg,control_cluster3,non core,non DEG
GSR,protein_coding,ENSG00000104687,Mitochondrial energy production,No_kegg,control_cluster3,non core,non DEG
MCM4,protein_coding,ENSG00000104738,No enriched GO,No_kegg,control_cluster3,non core,non DEG
SLC17A7,protein_coding,ENSG00000104888,"intracellular trafficking,Synapse signaling",No_kegg,control_cluster3,non core,non DEG
OAZ1,protein_coding,ENSG00000104904,"intracellular trafficking,Synapse signaling",No_kegg,control_cluster3,non core,non DEG
FAM32A,protein_coding,ENSG00000105058,No enriched GO,No_kegg,control_cluster3,non core,non DEG
PLD3,protein_coding,ENSG00000105223,No enriched GO,No_kegg,control_cluster3,non core,non DEG
ICAM5,protein_coding,ENSG00000105376,Synapse signaling,No_kegg,control_cluster3,non core,non DEG
BABAM1,protein_coding,ENSG00000105393,No enriched GO,No_kegg,control_cluster3,non core,non DEG
NAPA,protein_coding,ENSG00000105402,"intracellular trafficking,Synapse signaling",No_kegg,control_cluster3,non core,non DEG
ATP1A3,protein_coding,ENSG00000105409,"cellular homeostasis,Mitochondrial energy production,Neurogenesis",No_kegg,control_cluster3,non core,non DEG
PPP2R1A,protein_coding,ENSG00000105568,No enriched GO,No_kegg,control_cluster3,non core,non DEG
TNPO2,protein_coding,ENSG00000105576,No enriched GO,No_kegg,control_cluster3,non core,non DEG
RAB3A,protein_coding,ENSG00000105649,"intracellular trafficking,Neurogenesis,Synapse signaling",No_kegg,control_cluster3,non core,non DEG
TMEM59L,protein_coding,ENSG00000105696,No enriched GO,No_kegg,control_cluster3,non core,non DEG
GSK3A,protein_coding,ENSG00000105723,"intracellular trafficking,Mitochondrial energy production,Synapse signaling",No_kegg,control_cluster3,non core,non DEG
ZNF574,protein_coding,ENSG00000105732,No enriched GO,No_kegg,control_cluster3,non core,non DEG
STX1A,protein_coding,ENSG00000106089,"intracellular trafficking,Synapse signaling",No_kegg,control_cluster3,non core,Down-regulated
EPHB6,protein_coding,ENSG00000106123,Neurogenesis,No_kegg,control_cluster3,non core,non DEG
TAF6,protein_coding,ENSG00000106290,No enriched GO,No_kegg,control_cluster3,non core,non DEG
AP1S1,protein_coding,ENSG00000106367,intracellular trafficking,No_kegg,control_cluster3,non core,non DEG
TMEM248,protein_coding,ENSG00000106609,No enriched GO,No_kegg,control_cluster3,non core,non DEG
EIF4H,protein_coding,ENSG00000106682,No enriched GO,No_kegg,control_cluster3,non core,non DEG
LIMK1,protein_coding,ENSG00000106683,"Cytoskeleton organization,Neurogenesis",No_kegg,control_cluster3,non core,non DEG
DNM1,protein_coding,ENSG00000106976,"intracellular trafficking,Synapse signaling",No_kegg,control_cluster3,non core,non DEG
NCS1,protein_coding,ENSG00000107130,No enriched GO,No_kegg,control_cluster3,non core,non DEG
SPOCK2,protein_coding,ENSG00000107742,Synapse signaling,No_kegg,control_cluster3,non core,non DEG
SFXN3,protein_coding,ENSG00000107819,No enriched GO,No_kegg,control_cluster3,non core,non DEG
PSMD3,protein_coding,ENSG00000108344,No enriched GO,kegg,control_cluster3,non core,non DEG
PNPO,protein_coding,ENSG00000108439,No enriched GO,No_kegg,control_cluster3,non core,non DEG
CAMTA2,protein_coding,ENSG00000108509,No enriched GO,No_kegg,control_cluster3,non core,non DEG
SLC25A11,protein_coding,ENSG00000108528,No enriched GO,No_kegg,control_cluster3,non core,non DEG
CNTNAP1,protein_coding,ENSG00000108797,"Neurogenesis,Synapse signaling",No_kegg,control_cluster3,non core,non DEG
SMURF2,protein_coding,ENSG00000108854,No enriched GO,No_kegg,control_cluster3,non core,non DEG
DUSP3,protein_coding,ENSG00000108861,No enriched GO,No_kegg,control_cluster3,non core,non DEG
EFTUD2,protein_coding,ENSG00000108883,No enriched GO,No_kegg,control_cluster3,non core,non DEG
EFNB3,protein_coding,ENSG00000108947,"Neurogenesis,Synapse signaling",No_kegg,control_cluster3,non core,non DEG
GRPEL1,protein_coding,ENSG00000109519,intracellular trafficking,No_kegg,control_cluster3,non core,non DEG
ZPR1,protein_coding,ENSG00000109917,"intracellular trafficking,Synapse signaling",No_kegg,control_cluster3,non core,non DEG
MTCH2,protein_coding,ENSG00000109919,intracellular trafficking,No_kegg,control_cluster3,non core,non DEG
PRPF19,protein_coding,ENSG00000110107,No enriched GO,No_kegg,control_cluster3,non core,non DEG
CCKBR,protein_coding,ENSG00000110148,cellular homeostasis,No_kegg,control_cluster3,non core,non DEG
ARHGEF17,protein_coding,ENSG00000110237,No enriched GO,No_kegg,control_cluster3,non core,non DEG
ATP5F1B,protein_coding,ENSG00000110955,"cellular homeostasis,Mitochondrial energy production",kegg,control_cluster3,non core,non DEG
MANSC1,protein_coding,ENSG00000111261,No enriched GO,No_kegg,control_cluster3,non core,non DEG
GAPDH,protein_coding,ENSG00000111640,"intracellular trafficking,Mitochondrial energy production",kegg,control_cluster3,non core,non DEG
COPS7A,protein_coding,ENSG00000111652,No enriched GO,No_kegg,control_cluster3,non core,Down-regulated
USP5,protein_coding,ENSG00000111667,No enriched GO,No_kegg,control_cluster3,non core,non DEG
RAB35,protein_coding,ENSG00000111737,Others,No_kegg,control_cluster3,non core,non DEG
STK38,protein_coding,ENSG00000112079,Synapse signaling,No_kegg,control_cluster3,non core,non DEG
PPP2R5D,protein_coding,ENSG00000112640,No enriched GO,No_kegg,control_cluster3,non core,non DEG
GNPDA1,protein_coding,ENSG00000113552,Mitochondrial energy production,No_kegg,control_cluster3,non core,non DEG
DBN1,protein_coding,ENSG00000113758,"Neurogenesis,Synapse signaling",No_kegg,control_cluster3,non core,non DEG
TUSC2,protein_coding,ENSG00000114383,No enriched GO,No_kegg,control_cluster3,non core,non DEG
SLC41A3,protein_coding,ENSG00000114544,No enriched GO,No_kegg,control_cluster3,non core,non DEG
ACTR1B,protein_coding,ENSG00000115073,No enriched GO,No_kegg,control_cluster3,non core,non DEG
NRBP1,protein_coding,ENSG00000115216,No enriched GO,No_kegg,control_cluster3,non core,non DEG
CHMP3,protein_coding,ENSG00000115561,"Cytoskeleton organization,intracellular trafficking,Others",No_kegg,control_cluster3,non core,non DEG
STK16,protein_coding,ENSG00000115661,No enriched GO,No_kegg,control_cluster3,non core,non DEG
PPP1R7,protein_coding,ENSG00000115685,No enriched GO,No_kegg,control_cluster3,non core,non DEG
THADA,protein_coding,ENSG00000115970,"cellular homeostasis,intracellular trafficking",No_kegg,control_cluster3,non core,non DEG
PCYOX1,protein_coding,ENSG00000116005,No enriched GO,No_kegg,control_cluster3,non core,non DEG
MRPL37,protein_coding,ENSG00000116221,No enriched GO,No_kegg,control_cluster3,non core,non DEG
AMPD2,protein_coding,ENSG00000116337,Mitochondrial energy production,No_kegg,control_cluster3,non core,non DEG
MEF2D,protein_coding,ENSG00000116604,No enriched GO,No_kegg,control_cluster3,non core,non DEG
HPCAL4,protein_coding,ENSG00000116983,No enriched GO,No_kegg,control_cluster3,non core,non DEG
RIMS3,protein_coding,ENSG00000117016,"intracellular trafficking,Synapse signaling",No_kegg,control_cluster3,non core,non DEG
GALE,protein_coding,ENSG00000117308,No enriched GO,No_kegg,control_cluster3,non core,non DEG
EBNA1BP2,protein_coding,ENSG00000117395,No enriched GO,No_kegg,control_cluster3,non core,non DEG
STMN1,protein_coding,ENSG00000117632,"Cytoskeleton organization,intracellular trafficking,Neurogenesis,Others",No_kegg,control_cluster3,non core,Down-regulated
RPA2,protein_coding,ENSG00000117748,No enriched GO,No_kegg,control_cluster3,non core,non DEG
STAG1,protein_coding,ENSG00000118007,No enriched GO,No_kegg,control_cluster3,non core,non DEG
IFT46,protein_coding,ENSG00000118096,No enriched GO,No_kegg,control_cluster3,non core,non DEG
CCND2,protein_coding,ENSG00000118971,No enriched GO,No_kegg,control_cluster3,non core,non DEG
NEK9,protein_coding,ENSG00000119638,No enriched GO,No_kegg,control_cluster3,non core,non DEG
ATAD2B,protein_coding,ENSG00000119778,No enriched GO,No_kegg,control_cluster3,non core,non DEG
AVPI1,protein_coding,ENSG00000119986,No enriched GO,No_kegg,control_cluster3,non core,non DEG
GOT1,protein_coding,ENSG00000120053,No enriched GO,No_kegg,control_cluster3,non core,non DEG
PCDHB10,protein_coding,ENSG00000120324,Synapse signaling,No_kegg,control_cluster3,non core,non DEG
MSANTD2,protein_coding,ENSG00000120458,No enriched GO,No_kegg,control_cluster3,non core,non DEG
GLT8D2,protein_coding,ENSG00000120820,No enriched GO,No_kegg,control_cluster3,non core,non DEG
SLC35B1,protein_coding,ENSG00000121073,No enriched GO,No_kegg,control_cluster3,non core,non DEG
ZSCAN18,protein_coding,ENSG00000121413,No enriched GO,No_kegg,control_cluster3,non core,non DEG
FABP3,protein_coding,ENSG00000121769,No enriched GO,No_kegg,control_cluster3,non core,non DEG
HPCA,protein_coding,ENSG00000121905,"cellular homeostasis,intracellular trafficking,Mitochondrial energy production,Synapse signaling",No_kegg,control_cluster3,non core,Down-regulated
KIAA1191,protein_coding,ENSG00000122203,No enriched GO,No_kegg,control_cluster3,non core,non DEG
BBS9,protein_coding,ENSG00000122507,No enriched GO,No_kegg,control_cluster3,non core,non DEG
NPY,protein_coding,ENSG00000122585,"cellular homeostasis,intracellular trafficking,Synapse signaling",No_kegg,control_cluster3,non core,Down-regulated
PHF24,protein_coding,ENSG00000122733,Synapse signaling,No_kegg,control_cluster3,non core,non DEG
OPTN,protein_coding,ENSG00000123240,intracellular trafficking,No_kegg,control_cluster3,non core,non DEG
TUBA1B,protein_coding,ENSG00000123416,No enriched GO,kegg,control_cluster3,non core,non DEG
BAZ2B,protein_coding,ENSG00000123636,No enriched GO,No_kegg,control_cluster3,non core,non DEG
SLC12A5,protein_coding,ENSG00000124140,cellular homeostasis,No_kegg,control_cluster3,non core,non DEG
GDAP1L1,protein_coding,ENSG00000124194,No enriched GO,No_kegg,control_cluster3,non core,non DEG
MOCS3,protein_coding,ENSG00000124217,No enriched GO,No_kegg,control_cluster3,non core,non DEG
USP22,protein_coding,ENSG00000124422,No enriched GO,No_kegg,control_cluster3,non core,non DEG
PACSIN1,protein_coding,ENSG00000124507,"intracellular trafficking,Synapse signaling",No_kegg,control_cluster3,non core,non DEG
TBCC,protein_coding,ENSG00000124659,No enriched GO,No_kegg,control_cluster3,non core,non DEG
KLHDC3,protein_coding,ENSG00000124702,No enriched GO,No_kegg,control_cluster3,non core,non DEG
MEA1,protein_coding,ENSG00000124733,No enriched GO,No_kegg,control_cluster3,non core,non DEG
GOT2,protein_coding,ENSG00000125166,No enriched GO,No_kegg,control_cluster3,non core,non DEG
GTF2F1,protein_coding,ENSG00000125651,No enriched GO,No_kegg,control_cluster3,non core,non DEG
NRSN2,protein_coding,ENSG00000125841,No enriched GO,No_kegg,control_cluster3,non core,non DEG
CHURC1-FNTB,protein_coding,ENSG00000125954,No enriched GO,No_kegg,control_cluster3,non core,non DEG
KLC1,protein_coding,ENSG00000126214,intracellular trafficking,kegg,control_cluster3,non core,non DEG
HNRNPH2,protein_coding,ENSG00000126945,No enriched GO,No_kegg,control_cluster3,non core,non DEG
PIN1,protein_coding,ENSG00000127445,"Others,Synapse signaling",No_kegg,control_cluster3,non core,non DEG
EMC1,protein_coding,ENSG00000127463,intracellular trafficking,No_kegg,control_cluster3,non core,non DEG
SLC35E1,protein_coding,ENSG00000127526,No enriched GO,No_kegg,control_cluster3,non core,non DEG
SYNGR3,protein_coding,ENSG00000127561,"intracellular trafficking,Synapse signaling",No_kegg,control_cluster3,non core,Down-regulated
FBXL16,protein_coding,ENSG00000127585,No enriched GO,No_kegg,control_cluster3,non core,non DEG
TUBA4A,protein_coding,ENSG00000127824,No enriched GO,kegg,control_cluster3,non core,non DEG
YWHAH,protein_coding,ENSG00000128245,"cellular homeostasis,intracellular trafficking,Neurogenesis,Synapse signaling",No_kegg,control_cluster3,non core,non DEG
YWHAH-AS1,lncRNA,ENSG00000128254,No enriched GO,No_kegg,control_cluster3,non core,non DEG
EMC4,protein_coding,ENSG00000128463,intracellular trafficking,No_kegg,control_cluster3,non core,non DEG
IFT22,protein_coding,ENSG00000128581,No enriched GO,No_kegg,control_cluster3,non core,non DEG
ICE2,protein_coding,ENSG00000128915,No enriched GO,No_kegg,control_cluster3,non core,non DEG
ARPP19,protein_coding,ENSG00000128989,No enriched GO,No_kegg,control_cluster3,non core,Down-regulated
CDKN2D,protein_coding,ENSG00000129355,No enriched GO,No_kegg,control_cluster3,non core,Down-regulated
PARP2,protein_coding,ENSG00000129484,No enriched GO,No_kegg,control_cluster3,non core,non DEG
SYT5,protein_coding,ENSG00000129990,"intracellular trafficking,Synapse signaling",No_kegg,control_cluster3,non core,Down-regulated
SULT4A1,protein_coding,ENSG00000130540,Neurogenesis,No_kegg,control_cluster3,non core,non DEG
OLFM1,protein_coding,ENSG00000130558,Neurogenesis,No_kegg,control_cluster3,non core,Down-regulated
CAMSAP1,protein_coding,ENSG00000130559,Cytoskeleton organization,No_kegg,control_cluster3,non core,non DEG
LRRC47,protein_coding,ENSG00000130764,gene expression,No_kegg,control_cluster3,non core,non DEG
ATP5IF1,protein_coding,ENSG00000130770,"intracellular trafficking,Mitochondrial energy production,Synapse signaling",No_kegg,control_cluster3,non core,non DEG
PNCK,protein_coding,ENSG00000130822,No enriched GO,No_kegg,control_cluster3,non core,non DEG
MPP1,protein_coding,ENSG00000130830,Mitochondrial energy production,No_kegg,control_cluster3,non core,non DEG
UBA1,protein_coding,ENSG00000130985,No enriched GO,No_kegg,control_cluster3,non core,non DEG
TUBG1,protein_coding,ENSG00000131462,No enriched GO,No_kegg,control_cluster3,non core,non DEG
PSME3,protein_coding,ENSG00000131467,No enriched GO,No_kegg,control_cluster3,non core,non DEG
ACLY,protein_coding,ENSG00000131473,Mitochondrial energy production,No_kegg,control_cluster3,non core,non DEG
PDHA1,protein_coding,ENSG00000131828,Mitochondrial energy production,No_kegg,control_cluster3,non core,non DEG
C19orf12,protein_coding,ENSG00000131943,cellular homeostasis,No_kegg,control_cluster3,non core,non DEG
DHX30,protein_coding,ENSG00000132153,No enriched GO,No_kegg,control_cluster3,non core,non DEG
ARFIP2,protein_coding,ENSG00000132254,"Cytoskeleton organization,intracellular trafficking",No_kegg,control_cluster3,non core,non DEG
RAN,protein_coding,ENSG00000132341,"intracellular trafficking,Mitochondrial energy production,Synapse signaling",No_kegg,control_cluster3,non core,non DEG
GRSF1,protein_coding,ENSG00000132463,No enriched GO,No_kegg,control_cluster3,non core,non DEG
DLG4,protein_coding,ENSG00000132535,"cellular homeostasis,intracellular trafficking,Neurogenesis,Synapse signaling",No_kegg,control_cluster3,non core,non DEG
SYT11,protein_coding,ENSG00000132718,"intracellular trafficking,Synapse signaling",No_kegg,control_cluster3,non core,non DEG
SERINC3,protein_coding,ENSG00000132824,No enriched GO,No_kegg,control_cluster3,non core,non DEG
SARAF,protein_coding,ENSG00000133872,No enriched GO,No_kegg,control_cluster3,non core,non DEG
DUSP26,protein_coding,ENSG00000133878,No enriched GO,No_kegg,control_cluster3,non core,non DEG
ARF3,protein_coding,ENSG00000134287,No enriched GO,No_kegg,control_cluster3,non core,non DEG
ACP2,protein_coding,ENSG00000134575,intracellular trafficking,No_kegg,control_cluster3,non core,non DEG
RTL8C,protein_coding,ENSG00000134590,No enriched GO,No_kegg,control_cluster3,non core,non DEG
YARS1,protein_coding,ENSG00000134684,gene expression,No_kegg,control_cluster3,non core,non DEG
TUT4,protein_coding,ENSG00000134744,No enriched GO,No_kegg,control_cluster3,non core,non DEG
TPGS2,protein_coding,ENSG00000134779,No enriched GO,No_kegg,control_cluster3,non core,non DEG
KCP,protein_coding,ENSG00000135253,No enriched GO,No_kegg,control_cluster3,non core,non DEG
PHF21A,protein_coding,ENSG00000135365,No enriched GO,No_kegg,control_cluster3,non core,non DEG
AGAP2,protein_coding,ENSG00000135439,No enriched GO,No_kegg,control_cluster3,non core,non DEG
FAIM2,protein_coding,ENSG00000135472,No enriched GO,No_kegg,control_cluster3,non core,non DEG
ACVR1B,protein_coding,ENSG00000135503,No enriched GO,No_kegg,control_cluster3,non core,non DEG
CCT7,protein_coding,ENSG00000135624,No enriched GO,No_kegg,control_cluster3,non core,non DEG
RAB11FIP5,protein_coding,ENSG00000135631,"intracellular trafficking,Synapse signaling",No_kegg,control_cluster3,non core,non DEG
KIAA0513,protein_coding,ENSG00000135709,No enriched GO,No_kegg,control_cluster3,non core,non DEG
MRPL44,protein_coding,ENSG00000135900,No enriched GO,No_kegg,control_cluster3,non core,non DEG
TMEM127,protein_coding,ENSG00000135956,intracellular trafficking,No_kegg,control_cluster3,non core,non DEG
CKAP4,protein_coding,ENSG00000136026,No enriched GO,No_kegg,control_cluster3,non core,non DEG
NMT1,protein_coding,ENSG00000136448,"intracellular trafficking,Synapse signaling",No_kegg,control_cluster3,non core,non DEG
TACO1,protein_coding,ENSG00000136463,"cellular homeostasis,intracellular trafficking,Mitochondrial energy production",No_kegg,control_cluster3,non core,non DEG
TOR1A,protein_coding,ENSG00000136827,"intracellular trafficking,Synapse signaling",No_kegg,control_cluster3,non core,non DEG
PRPF4,protein_coding,ENSG00000136875,No enriched GO,No_kegg,control_cluster3,non core,non DEG
ARPC5L,protein_coding,ENSG00000136950,Cytoskeleton organization,No_kegg,control_cluster3,non core,Down-regulated
DCTN3,protein_coding,ENSG00000137100,Others,No_kegg,control_cluster3,non core,non DEG
PPIL1,protein_coding,ENSG00000137168,No enriched GO,No_kegg,control_cluster3,non core,non DEG
KIF13A,protein_coding,ENSG00000137177,"intracellular trafficking,Others",No_kegg,control_cluster3,non core,non DEG
CMTR1,protein_coding,ENSG00000137200,No enriched GO,No_kegg,control_cluster3,non core,non DEG
TUBB2A,protein_coding,ENSG00000137267,No enriched GO,kegg,control_cluster3,non core,non DEG
HMGA1,protein_coding,ENSG00000137309,intracellular trafficking,No_kegg,control_cluster3,non core,non DEG
MTCH1,protein_coding,ENSG00000137409,No enriched GO,No_kegg,control_cluster3,non core,non DEG
FCHSD2,protein_coding,ENSG00000137478,"Cytoskeleton organization,intracellular trafficking,Synapse signaling",No_kegg,control_cluster3,non core,non DEG
MRPL15,protein_coding,ENSG00000137547,No enriched GO,No_kegg,control_cluster3,non core,non DEG
FXYD6,protein_coding,ENSG00000137726,"cellular homeostasis,intracellular trafficking",No_kegg,control_cluster3,non core,non DEG
RTF1,protein_coding,ENSG00000137815,No enriched GO,No_kegg,control_cluster3,non core,non DEG
PAK6,protein_coding,ENSG00000137843,No enriched GO,No_kegg,control_cluster3,non core,non DEG
ACTR1A,protein_coding,ENSG00000138107,No enriched GO,No_kegg,control_cluster3,non core,non DEG
ARL3,protein_coding,ENSG00000138175,Others,No_kegg,control_cluster3,non core,non DEG
RBP4,protein_coding,ENSG00000138207,Synapse signaling,No_kegg,control_cluster3,non core,non DEG
ANXA7,protein_coding,ENSG00000138279,No enriched GO,No_kegg,control_cluster3,non core,non DEG
UBL7,protein_coding,ENSG00000138629,No enriched GO,No_kegg,control_cluster3,non core,non DEG
CLSTN3,protein_coding,ENSG00000139182,Synapse signaling,No_kegg,control_cluster3,non core,non DEG
RITA1,protein_coding,ENSG00000139405,No enriched GO,No_kegg,control_cluster3,non core,non DEG
VPS33A,protein_coding,ENSG00000139719,"cellular homeostasis,intracellular trafficking",No_kegg,control_cluster3,non core,non DEG
DENR,protein_coding,ENSG00000139726,No enriched GO,No_kegg,control_cluster3,non core,non DEG
DISP2,protein_coding,ENSG00000140323,No enriched GO,No_kegg,control_cluster3,non core,non DEG
CRTC3,protein_coding,ENSG00000140577,No enriched GO,No_kegg,control_cluster3,non core,non DEG
GLYR1,protein_coding,ENSG00000140632,No enriched GO,No_kegg,control_cluster3,non core,non DEG
RUSF1,protein_coding,ENSG00000140688,No enriched GO,No_kegg,control_cluster3,non core,non DEG
ARHGAP17,protein_coding,ENSG00000140750,"Cytoskeleton organization,intracellular trafficking",No_kegg,control_cluster3,non core,non DEG
KATNB1,protein_coding,ENSG00000140854,"Cytoskeleton organization,intracellular trafficking",No_kegg,control_cluster3,non core,non DEG
MAP1LC3B,protein_coding,ENSG00000140941,intracellular trafficking,No_kegg,control_cluster3,non core,non DEG
PDPK1,protein_coding,ENSG00000140992,"cellular homeostasis,intracellular trafficking,Synapse signaling",No_kegg,control_cluster3,non core,non DEG
NT5C3B,protein_coding,ENSG00000141698,No enriched GO,No_kegg,control_cluster3,non core,non DEG
SOD1,protein_coding,ENSG00000142168,"cellular homeostasis,intracellular trafficking,Neurogenesis",No_kegg,control_cluster3,non core,non DEG
SCYL1,protein_coding,ENSG00000142186,No enriched GO,No_kegg,control_cluster3,non core,non DEG
CACNG8,protein_coding,ENSG00000142408,"cellular homeostasis,intracellular trafficking,Synapse signaling",No_kegg,control_cluster3,non core,non DEG
EFHD2,protein_coding,ENSG00000142634,No enriched GO,No_kegg,control_cluster3,non core,non DEG
C1orf216,protein_coding,ENSG00000142686,No enriched GO,No_kegg,control_cluster3,non core,non DEG
OAZ3,protein_coding,ENSG00000143450,"intracellular trafficking,Synapse signaling",No_kegg,control_cluster3,non core,non DEG
TPM3,protein_coding,ENSG00000143549,No enriched GO,No_kegg,control_cluster3,non core,non DEG
EFNA3,protein_coding,ENSG00000143590,Neurogenesis,No_kegg,control_cluster3,non core,non DEG
ARF1,protein_coding,ENSG00000143761,"cellular homeostasis,Cytoskeleton organization,intracellular trafficking,Others,Synapse signaling",No_kegg,control_cluster3,non core,non DEG
VPS54,protein_coding,ENSG00000143952,"cellular homeostasis,intracellular trafficking,Mitochondrial energy production,Synapse signaling",No_kegg,control_cluster3,non core,non DEG
CIAO1,protein_coding,ENSG00000144021,No enriched GO,No_kegg,control_cluster3,non core,non DEG
NBEAL1,protein_coding,ENSG00000144426,No enriched GO,No_kegg,control_cluster3,non core,non DEG
DIS3L2,protein_coding,ENSG00000144535,No enriched GO,No_kegg,control_cluster3,non core,non DEG
RETREG2,protein_coding,ENSG00000144567,intracellular trafficking,No_kegg,control_cluster3,non core,non DEG
EAF1,protein_coding,ENSG00000144597,No enriched GO,No_kegg,control_cluster3,non core,non DEG
NICN1,protein_coding,ENSG00000145029,No enriched GO,No_kegg,control_cluster3,non core,non DEG
AFG2A,protein_coding,ENSG00000145375,No enriched GO,No_kegg,control_cluster3,non core,non DEG
CPLX2,protein_coding,ENSG00000145920,"intracellular trafficking,Synapse signaling",No_kegg,control_cluster3,non core,non DEG
FAM50B,protein_coding,ENSG00000145945,No enriched GO,No_kegg,control_cluster3,non core,non DEG
ZMAT2,protein_coding,ENSG00000146007,No enriched GO,No_kegg,control_cluster3,non core,non DEG
RNF44,protein_coding,ENSG00000146083,No enriched GO,No_kegg,control_cluster3,non core,non DEG
PRIM2,protein_coding,ENSG00000146143,No enriched GO,No_kegg,control_cluster3,non core,non DEG
RPL7L1,protein_coding,ENSG00000146223,No enriched GO,No_kegg,control_cluster3,non core,non DEG
MDH2,protein_coding,ENSG00000146701,Mitochondrial energy production,No_kegg,control_cluster3,non core,non DEG
TRAPPC14,protein_coding,ENSG00000146826,No enriched GO,No_kegg,control_cluster3,non core,non DEG
ZMYM3,protein_coding,ENSG00000147130,No enriched GO,No_kegg,control_cluster3,non core,non DEG
PRPS1,protein_coding,ENSG00000147224,Mitochondrial energy production,No_kegg,control_cluster3,non core,non DEG
MCPH1,protein_coding,ENSG00000147316,No enriched GO,No_kegg,control_cluster3,non core,non DEG
CHMP7,protein_coding,ENSG00000147457,"Cytoskeleton organization,intracellular trafficking,Others",No_kegg,control_cluster3,non core,non DEG
PLPBP,protein_coding,ENSG00000147471,No enriched GO,No_kegg,control_cluster3,non core,non DEG
INTS4,protein_coding,ENSG00000149262,No enriched GO,No_kegg,control_cluster3,non core,non DEG
HYOU1,protein_coding,ENSG00000149428,intracellular trafficking,No_kegg,control_cluster3,non core,non DEG
KAT14,protein_coding,ENSG00000149474,No enriched GO,No_kegg,control_cluster3,non core,non DEG
SCN2B,protein_coding,ENSG00000149575,"cellular homeostasis,intracellular trafficking",No_kegg,control_cluster3,non core,non DEG
TMEM25,protein_coding,ENSG00000149582,Synapse signaling,No_kegg,control_cluster3,non core,non DEG
LSM14B,protein_coding,ENSG00000149657,No enriched GO,No_kegg,control_cluster3,non core,non DEG
MRPL49,protein_coding,ENSG00000149792,No enriched GO,No_kegg,control_cluster3,non core,non DEG
ALDOA,protein_coding,ENSG00000149925,Mitochondrial energy production,No_kegg,control_cluster3,non core,non DEG
DOC2A,protein_coding,ENSG00000149927,"intracellular trafficking,Synapse signaling",No_kegg,control_cluster3,non core,non DEG
NPAS3,protein_coding,ENSG00000151322,No enriched GO,No_kegg,control_cluster3,non core,non DEG
NDUFC2,protein_coding,ENSG00000151366,Mitochondrial energy production,kegg,control_cluster3,non core,Down-regulated
VPS26B,protein_coding,ENSG00000151502,intracellular trafficking,No_kegg,control_cluster3,non core,non DEG
SLC25A4,protein_coding,ENSG00000151729,"intracellular trafficking,Mitochondrial energy production",kegg,control_cluster3,non core,non DEG
FAM168B,protein_coding,ENSG00000152102,No enriched GO,No_kegg,control_cluster3,non core,non DEG
DCLRE1C,protein_coding,ENSG00000152457,No enriched GO,No_kegg,control_cluster3,non core,non DEG
PFKM,protein_coding,ENSG00000152556,"Mitochondrial energy production,Synapse signaling",No_kegg,control_cluster3,non core,non DEG
SDHAF4,protein_coding,ENSG00000154079,Mitochondrial energy production,No_kegg,control_cluster3,non core,non DEG
THY1,protein_coding,ENSG00000154096,"cellular homeostasis,Neurogenesis",No_kegg,control_cluster3,non core,non DEG
NRGN,protein_coding,ENSG00000154146,Synapse signaling,No_kegg,control_cluster3,non core,non DEG
UCHL1,protein_coding,ENSG00000154277,"intracellular trafficking,Neurogenesis",No_kegg,control_cluster3,non core,non DEG
DISP1,protein_coding,ENSG00000154309,No enriched GO,No_kegg,control_cluster3,non core,non DEG
ATP5MC3,protein_coding,ENSG00000154518,Mitochondrial energy production,kegg,control_cluster3,non core,non DEG
AZIN1,protein_coding,ENSG00000155096,No enriched GO,No_kegg,control_cluster3,non core,non DEG
PPM1J,protein_coding,ENSG00000155367,No enriched GO,No_kegg,control_cluster3,non core,non DEG
C9orf85,protein_coding,ENSG00000155621,No enriched GO,No_kegg,control_cluster3,non core,non DEG
RRAGA,protein_coding,ENSG00000155876,intracellular trafficking,No_kegg,control_cluster3,non core,non DEG
FAM161B,protein_coding,ENSG00000156050,No enriched GO,No_kegg,control_cluster3,non core,non DEG
RWDD2B,protein_coding,ENSG00000156253,No enriched GO,No_kegg,control_cluster3,non core,non DEG
CDK20,protein_coding,ENSG00000156345,No enriched GO,No_kegg,control_cluster3,non core,non DEG
ATP5MJ,protein_coding,ENSG00000156411,Mitochondrial energy production,No_kegg,control_cluster3,non core,Down-regulated
HK1,protein_coding,ENSG00000156515,Mitochondrial energy production,No_kegg,control_cluster3,non core,non DEG
MED19,protein_coding,ENSG00000156603,No enriched GO,No_kegg,control_cluster3,non core,non DEG
ZFAND3,protein_coding,ENSG00000156639,No enriched GO,No_kegg,control_cluster3,non core,non DEG
AP3S2,protein_coding,ENSG00000157823,"intracellular trafficking,Synapse signaling",No_kegg,control_cluster3,non core,non DEG
FMNL2,protein_coding,ENSG00000157827,No enriched GO,No_kegg,control_cluster3,non core,non DEG
PRXL2B,protein_coding,ENSG00000157870,No enriched GO,No_kegg,control_cluster3,non core,non DEG
C12orf43,protein_coding,ENSG00000157895,No enriched GO,No_kegg,control_cluster3,non core,non DEG
DMTN,protein_coding,ENSG00000158856,"Cytoskeleton organization,intracellular trafficking,Synapse signaling",No_kegg,control_cluster3,non core,non DEG
NDUFS2,protein_coding,ENSG00000158864,Mitochondrial energy production,kegg,control_cluster3,non core,non DEG
TOMM40L,protein_coding,ENSG00000158882,intracellular trafficking,No_kegg,control_cluster3,non core,non DEG
CCAR2,protein_coding,ENSG00000158941,No enriched GO,No_kegg,control_cluster3,non core,non DEG
SV2A,protein_coding,ENSG00000159164,"cellular homeostasis,intracellular trafficking,Synapse signaling",No_kegg,control_cluster3,non core,non DEG
ATP5MC1,protein_coding,ENSG00000159199,Mitochondrial energy production,kegg,control_cluster3,non core,Down-regulated
CHAF1B,protein_coding,ENSG00000159259,No enriched GO,No_kegg,control_cluster3,non core,non DEG
ATP13A2,protein_coding,ENSG00000159363,"cellular homeostasis,intracellular trafficking,Synapse signaling",No_kegg,control_cluster3,non core,non DEG
ATP6V0D1,protein_coding,ENSG00000159720,"cellular homeostasis,intracellular trafficking,Mitochondrial energy production,Synapse signaling",No_kegg,control_cluster3,non core,non DEG
FAM131B,protein_coding,ENSG00000159784,No enriched GO,No_kegg,control_cluster3,non core,non DEG
CALM3,protein_coding,ENSG00000160014,"cellular homeostasis,intracellular trafficking,Others,Synapse signaling",kegg,control_cluster3,non core,Down-regulated
VPS11,protein_coding,ENSG00000160695,"intracellular trafficking,Synapse signaling",No_kegg,control_cluster3,non core,non DEG
ADAR,protein_coding,ENSG00000160710,No enriched GO,No_kegg,control_cluster3,non core,non DEG
UBE2Q1,protein_coding,ENSG00000160714,Synapse signaling,No_kegg,control_cluster3,non core,non DEG
CHRNB2,protein_coding,ENSG00000160716,"Neurogenesis,Synapse signaling",No_kegg,control_cluster3,non core,non DEG
RUSC1,protein_coding,ENSG00000160753,No enriched GO,No_kegg,control_cluster3,non core,non DEG
SLC25A44,protein_coding,ENSG00000160785,No enriched GO,No_kegg,control_cluster3,non core,non DEG
AP2M1,protein_coding,ENSG00000161203,"intracellular trafficking,Synapse signaling",No_kegg,control_cluster3,non core,non DEG
ABCF3,protein_coding,ENSG00000161204,No enriched GO,No_kegg,control_cluster3,non core,non DEG
POLR3K,protein_coding,ENSG00000161980,No enriched GO,No_kegg,control_cluster3,non core,non DEG
GNG3,protein_coding,ENSG00000162188,No enriched GO,No_kegg,control_cluster3,non core,Down-regulated
COA7,protein_coding,ENSG00000162377,No enriched GO,No_kegg,control_cluster3,non core,non DEG
PEF1,protein_coding,ENSG00000162517,intracellular trafficking,No_kegg,control_cluster3,non core,non DEG
CADM3,protein_coding,ENSG00000162706,No enriched GO,No_kegg,control_cluster3,non core,non DEG
PEX19,protein_coding,ENSG00000162735,intracellular trafficking,No_kegg,control_cluster3,non core,non DEG
KCNF1,protein_coding,ENSG00000162975,No enriched GO,No_kegg,control_cluster3,non core,Down-regulated
LYSMD1,protein_coding,ENSG00000163155,No enriched GO,No_kegg,control_cluster3,non core,non DEG
SFMBT1,protein_coding,ENSG00000163935,No enriched GO,No_kegg,control_cluster3,non core,non DEG
SLBP,protein_coding,ENSG00000163950,No enriched GO,No_kegg,control_cluster3,non core,non DEG
LRPAP1,protein_coding,ENSG00000163956,intracellular trafficking,No_kegg,control_cluster3,non core,non DEG
PIGX,protein_coding,ENSG00000163964,No enriched GO,No_kegg,control_cluster3,non core,non DEG
BSN,protein_coding,ENSG00000164061,"intracellular trafficking,Synapse signaling",No_kegg,control_cluster3,non core,non DEG
APEH,protein_coding,ENSG00000164062,intracellular trafficking,No_kegg,control_cluster3,non core,non DEG
CAMKV,protein_coding,ENSG00000164076,Synapse signaling,No_kegg,control_cluster3,non core,non DEG
WDR82,protein_coding,ENSG00000164091,No enriched GO,No_kegg,control_cluster3,non core,non DEG
NIPBL,protein_coding,ENSG00000164190,No enriched GO,No_kegg,control_cluster3,non core,non DEG
CTSB,protein_coding,ENSG00000164733,No enriched GO,No_kegg,control_cluster3,non core,non DEG
DLC1,protein_coding,ENSG00000164741,Cytoskeleton organization,No_kegg,control_cluster3,non core,non DEG
CDK5,protein_coding,ENSG00000164885,"cellular homeostasis,Cytoskeleton organization,intracellular trafficking,Neurogenesis,Synapse signaling",kegg,control_cluster3,non core,non DEG
KIAA1958,protein_coding,ENSG00000165185,No enriched GO,No_kegg,control_cluster3,non core,non DEG
NOL6,protein_coding,ENSG00000165271,No enriched GO,No_kegg,control_cluster3,non core,non DEG
VCP,protein_coding,ENSG00000165280,"intracellular trafficking,Mitochondrial energy production,Synapse signaling",No_kegg,control_cluster3,non core,non DEG
STOML2,protein_coding,ENSG00000165283,"cellular homeostasis,intracellular trafficking,Mitochondrial energy production",No_kegg,control_cluster3,non core,non DEG
RPUSD4,protein_coding,ENSG00000165526,No enriched GO,No_kegg,control_cluster3,non core,non DEG
KBTBD6,protein_coding,ENSG00000165572,No enriched GO,No_kegg,control_cluster3,non core,non DEG
PIP4P1,protein_coding,ENSG00000165782,No enriched GO,No_kegg,control_cluster3,non core,non DEG
BAG5,protein_coding,ENSG00000166170,No enriched GO,No_kegg,control_cluster3,non core,non DEG
NOLC1,protein_coding,ENSG00000166197,"intracellular trafficking,Synapse signaling",No_kegg,control_cluster3,non core,non DEG
SCN3B,protein_coding,ENSG00000166257,"cellular homeostasis,intracellular trafficking",No_kegg,control_cluster3,non core,non DEG
STXBP4,protein_coding,ENSG00000166263,"intracellular trafficking,Synapse signaling",No_kegg,control_cluster3,non core,non DEG
TMEM130,protein_coding,ENSG00000166448,No enriched GO,No_kegg,control_cluster3,non core,non DEG
BLCAP,protein_coding,ENSG00000166619,No enriched GO,No_kegg,control_cluster3,non core,non DEG
ZCCHC18,protein_coding,ENSG00000166707,No enriched GO,No_kegg,control_cluster3,non core,non DEG
BMERB1,protein_coding,ENSG00000166780,"Cytoskeleton organization,intracellular trafficking",No_kegg,control_cluster3,non core,non DEG
VPS39,protein_coding,ENSG00000166887,intracellular trafficking,No_kegg,control_cluster3,non core,non DEG
PIP4K2C,protein_coding,ENSG00000166908,intracellular trafficking,No_kegg,control_cluster3,non core,non DEG
MAP1A,protein_coding,ENSG00000166963,"cellular homeostasis,Cytoskeleton organization,intracellular trafficking,Neurogenesis,Synapse signaling",No_kegg,control_cluster3,non core,non DEG
PRRT2,protein_coding,ENSG00000167371,"intracellular trafficking,Synapse signaling",No_kegg,control_cluster3,non core,non DEG
IRGQ,protein_coding,ENSG00000167378,No enriched GO,No_kegg,control_cluster3,non core,non DEG
JSRP1,protein_coding,ENSG00000167476,"cellular homeostasis,intracellular trafficking",No_kegg,control_cluster3,non core,non DEG
TUBA1C,protein_coding,ENSG00000167553,No enriched GO,kegg,control_cluster3,non core,non DEG
ZNF528,protein_coding,ENSG00000167555,No enriched GO,No_kegg,control_cluster3,non core,non DEG
ATCAY,protein_coding,ENSG00000167654,No enriched GO,No_kegg,control_cluster3,non core,non DEG
GLOD4,protein_coding,ENSG00000167699,No enriched GO,No_kegg,control_cluster3,non core,non DEG
OTUB1,protein_coding,ENSG00000167770,No enriched GO,No_kegg,control_cluster3,non core,non DEG
SPRYD3,protein_coding,ENSG00000167778,No enriched GO,No_kegg,control_cluster3,non core,non DEG
NDUFV1,protein_coding,ENSG00000167792,Mitochondrial energy production,kegg,control_cluster3,non core,non DEG
PRDX2,protein_coding,ENSG00000167815,No enriched GO,No_kegg,control_cluster3,non core,non DEG
SRP68,protein_coding,ENSG00000167881,intracellular trafficking,No_kegg,control_cluster3,non core,non DEG
DDB1,protein_coding,ENSG00000167986,No enriched GO,No_kegg,control_cluster3,non core,non DEG
BSCL2,protein_coding,ENSG00000168000,No enriched GO,No_kegg,control_cluster3,non core,Down-regulated
RNF187,protein_coding,ENSG00000168159,No enriched GO,No_kegg,control_cluster3,non core,non DEG
PHYHIP,protein_coding,ENSG00000168490,No enriched GO,No_kegg,control_cluster3,non core,non DEG
FEN1,protein_coding,ENSG00000168496,No enriched GO,No_kegg,control_cluster3,non core,non DEG
CHRM1,protein_coding,ENSG00000168539,"intracellular trafficking,Synapse signaling",kegg,control_cluster3,non core,non DEG
UQCRFS1,protein_coding,ENSG00000169021,Mitochondrial energy production,kegg,control_cluster3,non core,non DEG
MAP2K1,protein_coding,ENSG00000169032,"intracellular trafficking,Neurogenesis",kegg,control_cluster3,non core,non DEG
GPRIN1,protein_coding,ENSG00000169258,No enriched GO,No_kegg,control_cluster3,non core,non DEG
CRADD,protein_coding,ENSG00000169372,No enriched GO,No_kegg,control_cluster3,non core,non DEG
TM2D2,protein_coding,ENSG00000169490,No enriched GO,No_kegg,control_cluster3,non core,non DEG
RAC3,protein_coding,ENSG00000169750,"Cytoskeleton organization,intracellular trafficking,Neurogenesis,Synapse signaling",No_kegg,control_cluster3,non core,non DEG
HARS1,protein_coding,ENSG00000170445,gene expression,No_kegg,control_cluster3,non core,non DEG
RIOX1,protein_coding,ENSG00000170468,No enriched GO,No_kegg,control_cluster3,non core,non DEG
ARL6IP1,protein_coding,ENSG00000170540,intracellular trafficking,No_kegg,control_cluster3,non core,non DEG
MRFAP1L2,protein_coding,ENSG00000170846,No enriched GO,No_kegg,control_cluster3,non core,Down-regulated
NPTX1,protein_coding,ENSG00000171246,"intracellular trafficking,Neurogenesis,Synapse signaling",No_kegg,control_cluster3,non core,non DEG
PGAM1,protein_coding,ENSG00000171314,Mitochondrial energy production,No_kegg,control_cluster3,non core,non DEG
RSL1D1,protein_coding,ENSG00000171490,No enriched GO,No_kegg,control_cluster3,non core,non DEG
CLSTN1,protein_coding,ENSG00000171603,"intracellular trafficking,Synapse signaling",No_kegg,control_cluster3,non core,non DEG
KNDC1,protein_coding,ENSG00000171798,Neurogenesis,No_kegg,control_cluster3,non core,non DEG
RNASEH1,protein_coding,ENSG00000171865,No enriched GO,No_kegg,control_cluster3,non core,non DEG
PRNP,protein_coding,ENSG00000171867,"cellular homeostasis,intracellular trafficking,Neurogenesis,Synapse signaling",No_kegg,control_cluster3,non core,non DEG
SYNPO,protein_coding,ENSG00000171992,"Cytoskeleton organization,Synapse signaling",No_kegg,control_cluster3,non core,non DEG
C2CD2L,protein_coding,ENSG00000172375,Synapse signaling,No_kegg,control_cluster3,non core,non DEG
CLP1,protein_coding,ENSG00000172409,No enriched GO,No_kegg,control_cluster3,non core,non DEG
FIBP,protein_coding,ENSG00000172500,No enriched GO,No_kegg,control_cluster3,non core,non DEG
CFL1,protein_coding,ENSG00000172757,"intracellular trafficking,Neurogenesis,Others,Synapse signaling",No_kegg,control_cluster3,non core,non DEG
SNX32,protein_coding,ENSG00000172803,intracellular trafficking,No_kegg,control_cluster3,non core,non DEG
SNCG,protein_coding,ENSG00000173267,"intracellular trafficking,Synapse signaling",No_kegg,control_cluster3,non core,non DEG
TOMM20,protein_coding,ENSG00000173726,intracellular trafficking,No_kegg,control_cluster3,non core,Down-regulated
SPTBN2,protein_coding,ENSG00000173898,"Cytoskeleton organization,intracellular trafficking,Synapse signaling",No_kegg,control_cluster3,non core,non DEG
UQCC4,protein_coding,ENSG00000174109,No enriched GO,No_kegg,control_cluster3,non core,non DEG
PITPNA,protein_coding,ENSG00000174238,No enriched GO,No_kegg,control_cluster3,non core,non DEG
SNAPC5,protein_coding,ENSG00000174446,No enriched GO,No_kegg,control_cluster3,non core,non DEG
ZCCHC12,protein_coding,ENSG00000174460,No enriched GO,No_kegg,control_cluster3,non core,Down-regulated
PELI3,protein_coding,ENSG00000174516,No enriched GO,No_kegg,control_cluster3,non core,non DEG
B4GAT1,protein_coding,ENSG00000174684,Neurogenesis,No_kegg,control_cluster3,non core,non DEG
SEZ6L2,protein_coding,ENSG00000174938,Synapse signaling,No_kegg,control_cluster3,non core,Down-regulated
FUT1,protein_coding,ENSG00000174951,No enriched GO,No_kegg,control_cluster3,non core,non DEG
KLC2,protein_coding,ENSG00000174996,No enriched GO,kegg,control_cluster3,non core,non DEG
PSMD2,protein_coding,ENSG00000175166,No enriched GO,kegg,control_cluster3,non core,non DEG
FAM131A,protein_coding,ENSG00000175182,No enriched GO,No_kegg,control_cluster3,non core,Down-regulated
IP6K1,protein_coding,ENSG00000176095,No enriched GO,No_kegg,control_cluster3,non core,non DEG
EID2,protein_coding,ENSG00000176396,No enriched GO,No_kegg,control_cluster3,non core,Down-regulated
DNAJC30,protein_coding,ENSG00000176410,Mitochondrial energy production,No_kegg,control_cluster3,non core,non DEG
DIRAS1,protein_coding,ENSG00000176490,No enriched GO,No_kegg,control_cluster3,non core,Down-regulated
CNTD1,protein_coding,ENSG00000176563,No enriched GO,No_kegg,control_cluster3,non core,non DEG
CDK5R1,protein_coding,ENSG00000176749,"Cytoskeleton organization,intracellular trafficking,Neurogenesis,Synapse signaling",kegg,control_cluster3,non core,non DEG
PNMA1,protein_coding,ENSG00000176903,No enriched GO,No_kegg,control_cluster3,non core,non DEG
ZDHHC22,protein_coding,ENSG00000177108,intracellular trafficking,No_kegg,control_cluster3,non core,non DEG
MAGEF1,protein_coding,ENSG00000177383,No enriched GO,No_kegg,control_cluster3,non core,non DEG
MIEF2,protein_coding,ENSG00000177427,"intracellular trafficking,Synapse signaling",No_kegg,control_cluster3,non core,non DEG
GBA1,protein_coding,ENSG00000177628,"intracellular trafficking,Mitochondrial energy production",No_kegg,control_cluster3,non core,non DEG
GRB2,protein_coding,ENSG00000177885,"Cytoskeleton organization,intracellular trafficking",No_kegg,control_cluster3,non core,non DEG
ARL6IP6,protein_coding,ENSG00000177917,No enriched GO,No_kegg,control_cluster3,non core,non DEG
RIC8A,protein_coding,ENSG00000177963,No enriched GO,No_kegg,control_cluster3,non core,non DEG
IMP3,protein_coding,ENSG00000177971,No enriched GO,No_kegg,control_cluster3,non core,non DEG
LCORL,protein_coding,ENSG00000178177,No enriched GO,No_kegg,control_cluster3,non core,non DEG
TMEM151B,protein_coding,ENSG00000178233,No enriched GO,No_kegg,control_cluster3,non core,non DEG
FAM220A,protein_coding,ENSG00000178397,No enriched GO,No_kegg,control_cluster3,non core,non DEG
P4HTM,protein_coding,ENSG00000178467,No enriched GO,No_kegg,control_cluster3,non core,non DEG
PARP10,protein_coding,ENSG00000178685,Mitochondrial energy production,No_kegg,control_cluster3,non core,non DEG
GRINA,protein_coding,ENSG00000178719,cellular homeostasis,No_kegg,control_cluster3,non core,non DEG
EFCAB13,protein_coding,ENSG00000178852,No enriched GO,No_kegg,control_cluster3,non core,non DEG
SMIM10L2A,protein_coding,ENSG00000178947,No enriched GO,No_kegg,control_cluster3,non core,Down-regulated
TMEM107,protein_coding,ENSG00000179029,No enriched GO,No_kegg,control_cluster3,non core,non DEG
FARSA,protein_coding,ENSG00000179115,gene expression,No_kegg,control_cluster3,non core,Down-regulated
GCC1,protein_coding,ENSG00000179562,No enriched GO,No_kegg,control_cluster3,non core,non DEG
MYADM,protein_coding,ENSG00000179820,Cytoskeleton organization,No_kegg,control_cluster3,non core,non DEG
SEPHS2,protein_coding,ENSG00000179918,No enriched GO,No_kegg,control_cluster3,non core,non DEG
DCTPP1,protein_coding,ENSG00000179958,Mitochondrial energy production,No_kegg,control_cluster3,non core,non DEG
LYNX1,protein_coding,ENSG00000180155,No enriched GO,No_kegg,control_cluster3,non core,non DEG
CHRM4,protein_coding,ENSG00000180720,No enriched GO,No_kegg,control_cluster3,non core,non DEG
KCTD2,protein_coding,ENSG00000180901,No enriched GO,No_kegg,control_cluster3,non core,non DEG
ST20,lncRNA,ENSG00000180953,No enriched GO,No_kegg,control_cluster3,non core,non DEG
PJA1,protein_coding,ENSG00000181191,No enriched GO,No_kegg,control_cluster3,non core,non DEG
RAP2B,protein_coding,ENSG00000181467,No enriched GO,No_kegg,control_cluster3,non core,non DEG
MRPS23,protein_coding,ENSG00000181610,No enriched GO,No_kegg,control_cluster3,non core,non DEG
AMIGO1,protein_coding,ENSG00000181754,"cellular homeostasis,intracellular trafficking,Neurogenesis,Synapse signaling",No_kegg,control_cluster3,non core,non DEG
COPG1,protein_coding,ENSG00000181789,No enriched GO,No_kegg,control_cluster3,non core,non DEG
RNF41,protein_coding,ENSG00000181852,intracellular trafficking,No_kegg,control_cluster3,non core,non DEG
PRKAG1,protein_coding,ENSG00000181929,Mitochondrial energy production,No_kegg,control_cluster3,non core,non DEG
PNMA8A,protein_coding,ENSG00000182013,No enriched GO,No_kegg,control_cluster3,non core,non DEG
MRPS16,protein_coding,ENSG00000182180,No enriched GO,No_kegg,control_cluster3,non core,non DEG
FIGN,protein_coding,ENSG00000182263,No enriched GO,No_kegg,control_cluster3,non core,non DEG
NDN,protein_coding,ENSG00000182636,Neurogenesis,No_kegg,control_cluster3,non core,Down-regulated
SRPRA,protein_coding,ENSG00000182934,intracellular trafficking,No_kegg,control_cluster3,non core,non DEG
AP2A2,protein_coding,ENSG00000183020,"intracellular trafficking,Synapse signaling",No_kegg,control_cluster3,non core,non DEG
DDX41,protein_coding,ENSG00000183258,No enriched GO,No_kegg,control_cluster3,non core,non DEG
ZNF438,protein_coding,ENSG00000183621,No enriched GO,No_kegg,control_cluster3,non core,non DEG
HMCES,protein_coding,ENSG00000183624,No enriched GO,No_kegg,control_cluster3,non core,non DEG
CBX6,protein_coding,ENSG00000183741,No enriched GO,No_kegg,control_cluster3,non core,non DEG
ACTG1,protein_coding,ENSG00000184009,"Cytoskeleton organization,intracellular trafficking,Synapse signaling",No_kegg,control_cluster3,non core,non DEG
NIPSNAP1,protein_coding,ENSG00000184117,No enriched GO,No_kegg,control_cluster3,non core,non DEG
TSPYL2,protein_coding,ENSG00000184205,No enriched GO,No_kegg,control_cluster3,non core,non DEG
PABPC1L2B,protein_coding,ENSG00000184388,No enriched GO,No_kegg,control_cluster3,non core,non DEG
SNN,protein_coding,ENSG00000184602,No enriched GO,No_kegg,control_cluster3,non core,non DEG
SEPTIN5,protein_coding,ENSG00000184702,"intracellular trafficking,Others,Synapse signaling",No_kegg,control_cluster3,non core,non DEG
ARMCX2,protein_coding,ENSG00000184867,No enriched GO,No_kegg,control_cluster3,non core,non DEG
SUMO3,protein_coding,ENSG00000184900,No enriched GO,No_kegg,control_cluster3,non core,non DEG
TCEAL2,protein_coding,ENSG00000184905,No enriched GO,No_kegg,control_cluster3,non core,Down-regulated
INTS5,protein_coding,ENSG00000185085,No enriched GO,No_kegg,control_cluster3,non core,non DEG
MANEAL,protein_coding,ENSG00000185090,No enriched GO,No_kegg,control_cluster3,non core,non DEG
NSMCE3,protein_coding,ENSG00000185115,No enriched GO,No_kegg,control_cluster3,non core,non DEG
MRPL30,protein_coding,ENSG00000185414,No enriched GO,No_kegg,control_cluster3,non core,Down-regulated
SHC4,protein_coding,ENSG00000185634,No enriched GO,No_kegg,control_cluster3,non core,non DEG
DRG1,protein_coding,ENSG00000185721,Cytoskeleton organization,No_kegg,control_cluster3,non core,non DEG
ATP6V0C,protein_coding,ENSG00000185883,"cellular homeostasis,intracellular trafficking,Mitochondrial energy production",No_kegg,control_cluster3,non core,non DEG
LRCH3,protein_coding,ENSG00000186001,No enriched GO,No_kegg,control_cluster3,non core,non DEG
C2orf76,protein_coding,ENSG00000186132,No enriched GO,No_kegg,control_cluster3,non core,non DEG
POLR3C,protein_coding,ENSG00000186141,No enriched GO,No_kegg,control_cluster3,non core,non DEG
WWOX,protein_coding,ENSG00000186153,No enriched GO,No_kegg,control_cluster3,non core,non DEG
PABPC1L2A,protein_coding,ENSG00000186288,No enriched GO,No_kegg,control_cluster3,non core,non DEG
BCDIN3D,protein_coding,ENSG00000186666,No enriched GO,No_kegg,control_cluster3,non core,non DEG
MAPT,protein_coding,ENSG00000186868,"Cytoskeleton organization,intracellular trafficking,Neurogenesis,Synapse signaling",kegg,control_cluster3,non core,non DEG
PTRH1,protein_coding,ENSG00000187024,No enriched GO,No_kegg,control_cluster3,non core,non DEG
TSPYL4,protein_coding,ENSG00000187189,No enriched GO,No_kegg,control_cluster3,non core,non DEG
CHP1,protein_coding,ENSG00000187446,"cellular homeostasis,intracellular trafficking,Mitochondrial energy production,Synapse signaling",No_kegg,control_cluster3,non core,Down-regulated
USP7,protein_coding,ENSG00000187555,intracellular trafficking,No_kegg,control_cluster3,non core,non DEG
NHLRC1,protein_coding,ENSG00000187566,Mitochondrial energy production,No_kegg,control_cluster3,non core,Down-regulated
TMEM203,protein_coding,ENSG00000187713,cellular homeostasis,No_kegg,control_cluster3,non core,non DEG
UBQLN2,protein_coding,ENSG00000188021,intracellular trafficking,No_kegg,control_cluster3,non core,non DEG
PRKAR1B,protein_coding,ENSG00000188191,"intracellular trafficking,Synapse signaling",No_kegg,control_cluster3,non core,non DEG
TUBB4B,protein_coding,ENSG00000188229,No enriched GO,kegg,control_cluster3,non core,non DEG
TMEM198,protein_coding,ENSG00000188760,No enriched GO,No_kegg,control_cluster3,non core,non DEG
SF3B3,protein_coding,ENSG00000189091,No enriched GO,No_kegg,control_cluster3,non core,non DEG
JPT1,protein_coding,ENSG00000189159,No enriched GO,No_kegg,control_cluster3,non core,Down-regulated
TSPYL1,protein_coding,ENSG00000189241,No enriched GO,No_kegg,control_cluster3,non core,non DEG
GSPT2,protein_coding,ENSG00000189369,intracellular trafficking,No_kegg,control_cluster3,non core,non DEG
SH2D5,protein_coding,ENSG00000189410,No enriched GO,No_kegg,control_cluster3,non core,Down-regulated
TUBB,protein_coding,ENSG00000196230,Synapse signaling,kegg,control_cluster3,non core,non DEG
NUDT11,protein_coding,ENSG00000196368,Mitochondrial energy production,No_kegg,control_cluster3,non core,non DEG
XRCC6,protein_coding,ENSG00000196419,No enriched GO,No_kegg,control_cluster3,non core,non DEG
YRDC,protein_coding,ENSG00000196449,No enriched GO,No_kegg,control_cluster3,non core,non DEG
MYO6,protein_coding,ENSG00000196586,intracellular trafficking,No_kegg,control_cluster3,non core,non DEG
PDXDC2P-NPIPB14P,lncRNA,ENSG00000196696,No enriched GO,No_kegg,control_cluster3,non core,non DEG
MAML3,protein_coding,ENSG00000196782,No enriched GO,No_kegg,control_cluster3,non core,non DEG
AP2A1,protein_coding,ENSG00000196961,"intracellular trafficking,Synapse signaling",No_kegg,control_cluster3,non core,non DEG
SMIM10L2B,protein_coding,ENSG00000196972,No enriched GO,No_kegg,control_cluster3,non core,Down-regulated
NPIPB9,protein_coding,ENSG00000196993,No enriched GO,No_kegg,control_cluster3,non core,non DEG
SLC6A17,protein_coding,ENSG00000197106,Synapse signaling,No_kegg,control_cluster3,non core,non DEG
FITM2,protein_coding,ENSG00000197296,Mitochondrial energy production,No_kegg,control_cluster3,non core,non DEG
STMN3,protein_coding,ENSG00000197457,"Cytoskeleton organization,intracellular trafficking",No_kegg,control_cluster3,non core,non DEG
ENTPD6,protein_coding,ENSG00000197586,No enriched GO,No_kegg,control_cluster3,non core,non DEG
CDC42SE1,protein_coding,ENSG00000197622,No enriched GO,No_kegg,control_cluster3,non core,non DEG
SPTAN1,protein_coding,ENSG00000197694,"Cytoskeleton organization,intracellular trafficking",No_kegg,control_cluster3,non core,non DEG
PSAP,protein_coding,ENSG00000197746,intracellular trafficking,No_kegg,control_cluster3,non core,non DEG
ZNF790,protein_coding,ENSG00000197863,No enriched GO,No_kegg,control_cluster3,non core,non DEG
SIRPA,protein_coding,ENSG00000198053,intracellular trafficking,No_kegg,control_cluster3,non core,non DEG
GRK6,protein_coding,ENSG00000198055,No enriched GO,No_kegg,control_cluster3,non core,non DEG
NPIPB6,protein_coding,ENSG00000198156,No enriched GO,No_kegg,control_cluster3,non core,non DEG
,protein_coding,ENSG00000198211,No enriched GO,No_kegg,control_cluster3,non core,non DEG
FKBP1C,protein_coding,ENSG00000198225,No enriched GO,No_kegg,control_cluster3,non core,non DEG
DCAF12L2,protein_coding,ENSG00000198354,No enriched GO,No_kegg,control_cluster3,non core,non DEG
GET3,protein_coding,ENSG00000198356,intracellular trafficking,No_kegg,control_cluster3,non core,non DEG
TCAF1,protein_coding,ENSG00000198420,"cellular homeostasis,intracellular trafficking,Synapse signaling",No_kegg,control_cluster3,non core,non DEG
YTHDF2,protein_coding,ENSG00000198492,No enriched GO,No_kegg,control_cluster3,non core,non DEG
CALM1,protein_coding,ENSG00000198668,"cellular homeostasis,intracellular trafficking,Others",kegg,control_cluster3,non core,non DEG
SCAMP5,protein_coding,ENSG00000198794,"intracellular trafficking,Synapse signaling",No_kegg,control_cluster3,non core,non DEG
RUSC2,protein_coding,ENSG00000198853,No enriched GO,No_kegg,control_cluster3,non core,non DEG
RUNDC1,protein_coding,ENSG00000198863,No enriched GO,No_kegg,control_cluster3,non core,non DEG
ATG9A,protein_coding,ENSG00000198925,intracellular trafficking,No_kegg,control_cluster3,non core,non DEG
MAGEE1,protein_coding,ENSG00000198934,No enriched GO,No_kegg,control_cluster3,non core,non DEG
KIFBP,protein_coding,ENSG00000198954,Neurogenesis,No_kegg,control_cluster3,non core,non DEG
SGMS1,protein_coding,ENSG00000198964,No enriched GO,No_kegg,control_cluster3,non core,non DEG
GDI1,protein_coding,ENSG00000203879,"intracellular trafficking,Neurogenesis,Synapse signaling",No_kegg,control_cluster3,non core,non DEG
LRRC73,protein_coding,ENSG00000204052,No enriched GO,No_kegg,control_cluster3,non core,non DEG
TCEAL5,protein_coding,ENSG00000204065,No enriched GO,No_kegg,control_cluster3,non core,non DEG
TCEAL6,protein_coding,ENSG00000204071,No enriched GO,No_kegg,control_cluster3,non core,non DEG
RXRB,protein_coding,ENSG00000204231,No enriched GO,No_kegg,control_cluster3,non core,non DEG
NEU1,protein_coding,ENSG00000204386,No enriched GO,No_kegg,control_cluster3,non core,non DEG
VARS1,protein_coding,ENSG00000204394,gene expression,No_kegg,control_cluster3,non core,non DEG
,lncRNA,ENSG00000204422,No enriched GO,No_kegg,control_cluster3,non core,non DEG
ABHD16A,protein_coding,ENSG00000204427,No enriched GO,No_kegg,control_cluster3,non core,non DEG
PPP1R11,protein_coding,ENSG00000204619,No enriched GO,No_kegg,control_cluster3,non core,non DEG
DCTN1,protein_coding,ENSG00000204843,"cellular homeostasis,Cytoskeleton organization,Neurogenesis,Synapse signaling",No_kegg,control_cluster3,non core,non DEG
,lncRNA,ENSG00000204850,No enriched GO,No_kegg,control_cluster3,non core,non DEG
PNMA8B,protein_coding,ENSG00000204851,No enriched GO,No_kegg,control_cluster3,non core,non DEG
CCNI2,protein_coding,ENSG00000205089,No enriched GO,No_kegg,control_cluster3,non core,non DEG
SCGB2B2,protein_coding,ENSG00000205209,No enriched GO,No_kegg,control_cluster3,non core,non DEG
TECPR1,protein_coding,ENSG00000205356,intracellular trafficking,No_kegg,control_cluster3,non core,non DEG
RNPS1,protein_coding,ENSG00000205937,No enriched GO,No_kegg,control_cluster3,non core,non DEG
TSN,protein_coding,ENSG00000211460,No enriched GO,No_kegg,control_cluster3,non core,non DEG
ZNF254,protein_coding,ENSG00000213096,No enriched GO,No_kegg,control_cluster3,non core,non DEG
SUPT4H1,protein_coding,ENSG00000213246,No enriched GO,No_kegg,control_cluster3,non core,non DEG
NCKIPSD,protein_coding,ENSG00000213672,intracellular trafficking,No_kegg,control_cluster3,non core,non DEG
ATP6V1G2,protein_coding,ENSG00000213760,"cellular homeostasis,intracellular trafficking,Mitochondrial energy production,Synapse signaling",No_kegg,control_cluster3,non core,Down-regulated
ZNF134,protein_coding,ENSG00000213762,No enriched GO,No_kegg,control_cluster3,non core,non DEG
RTL10,protein_coding,ENSG00000215012,No enriched GO,No_kegg,control_cluster3,non core,non DEG
,lncRNA,ENSG00000215014,No enriched GO,No_kegg,control_cluster3,non core,non DEG
,lncRNA,ENSG00000215022,No enriched GO,No_kegg,control_cluster3,non core,non DEG
ALOX12-AS1,lncRNA,ENSG00000215067,Mitochondrial energy production,No_kegg,control_cluster3,non core,non DEG
PEX26,protein_coding,ENSG00000215193,intracellular trafficking,No_kegg,control_cluster3,non core,non DEG
TSTD1,protein_coding,ENSG00000215845,No enriched GO,No_kegg,control_cluster3,non core,Down-regulated
RBM38-AS1,lncRNA,ENSG00000218018,No enriched GO,No_kegg,control_cluster3,non core,non DEG
VAMP2,protein_coding,ENSG00000220205,"cellular homeostasis,intracellular trafficking,Synapse signaling",No_kegg,control_cluster3,non core,non DEG
CAMK2G-AS1,lncRNA,ENSG00000224195,No enriched GO,No_kegg,control_cluster3,non core,non DEG
,lncRNA,ENSG00000224713,"Cytoskeleton organization,gene expression,Others",No_kegg,control_cluster3,non core,non DEG
,lncRNA,ENSG00000224883,No enriched GO,No_kegg,control_cluster3,non core,non DEG
PNMA6F,protein_coding,ENSG00000225110,No enriched GO,No_kegg,control_cluster3,non core,non DEG
BOLA3-DT,lncRNA,ENSG00000225439,No enriched GO,No_kegg,control_cluster3,non core,non DEG
NUTM2B-AS1,lncRNA,ENSG00000225484,No enriched GO,No_kegg,control_cluster3,non core,non DEG
CADM3-AS1,lncRNA,ENSG00000225670,"cellular homeostasis,Neurogenesis",No_kegg,control_cluster3,non core,non DEG
RUSC1-AS1,lncRNA,ENSG00000225855,"cellular homeostasis,Mitochondrial energy production,Neurogenesis,No enriched GO,Others",No_kegg,control_cluster3,non core,non DEG
BAIAP2-DT,lncRNA,ENSG00000226137,No enriched GO,No_kegg,control_cluster3,non core,non DEG
,lncRNA,ENSG00000226526,cellular homeostasis,No_kegg,control_cluster3,non core,non DEG
PGAM4,protein_coding,ENSG00000226784,Mitochondrial energy production,No_kegg,control_cluster3,non core,Down-regulated
WDR46,protein_coding,ENSG00000227057,No enriched GO,No_kegg,control_cluster3,non core,non DEG
SLC6A17-AS1,lncRNA,ENSG00000227091,No enriched GO,No_kegg,control_cluster3,non core,non DEG
,lncRNA,ENSG00000228061,No enriched GO,No_kegg,control_cluster3,non core,non DEG
SMIM10L2B-AS1,lncRNA,ENSG00000228372,gene expression,No_kegg,control_cluster3,non core,Down-regulated
,lncRNA,ENSG00000228703,No enriched GO,No_kegg,control_cluster3,non core,non DEG
EMC1-AS1,lncRNA,ENSG00000230424,No enriched GO,No_kegg,control_cluster3,non core,non DEG
,lncRNA,ENSG00000230432,No enriched GO,No_kegg,control_cluster3,non core,non DEG
DLEU2,lncRNA,ENSG00000231607,No enriched GO,No_kegg,control_cluster3,non core,non DEG
TRAF3IP2-AS1,lncRNA,ENSG00000231889,No enriched GO,No_kegg,control_cluster3,non core,non DEG
,lncRNA,ENSG00000231937,gene expression,No_kegg,control_cluster3,non core,non DEG
,lncRNA,ENSG00000231955,No enriched GO,No_kegg,control_cluster3,non core,non DEG
KANTR,protein_coding,ENSG00000232593,No enriched GO,No_kegg,control_cluster3,non core,non DEG
,lncRNA,ENSG00000232995,No enriched GO,No_kegg,control_cluster3,non core,non DEG
CCDC144NL-AS1,lncRNA,ENSG00000233098,No enriched GO,No_kegg,control_cluster3,non core,non DEG
PANTR1,lncRNA,ENSG00000233639,No enriched GO,No_kegg,control_cluster3,non core,non DEG
,lncRNA,ENSG00000233728,No enriched GO,No_kegg,control_cluster3,non core,non DEG
,lncRNA,ENSG00000234203,"Cytoskeleton organization,Neurogenesis,Synapse signaling",No_kegg,control_cluster3,non core,non DEG
RPL34-DT,lncRNA,ENSG00000234492,No enriched GO,No_kegg,control_cluster3,non core,non DEG
HNRNPUL2-BSCL2,protein_coding,ENSG00000234857,No enriched GO,No_kegg,control_cluster3,non core,non DEG
,lncRNA,ENSG00000234915,No enriched GO,No_kegg,control_cluster3,non core,non DEG
PNMA6A,protein_coding,ENSG00000235961,No enriched GO,No_kegg,control_cluster3,non core,Down-regulated
ZBTB22,protein_coding,ENSG00000236104,No enriched GO,No_kegg,control_cluster3,non core,non DEG
DNAJC9-AS1,lncRNA,ENSG00000236756,No enriched GO,No_kegg,control_cluster3,non core,non DEG
,lncRNA,ENSG00000237126,No enriched GO,No_kegg,control_cluster3,non core,non DEG
PRKAR1B-AS1,lncRNA,ENSG00000237181,"cellular homeostasis,Cytoskeleton organization,intracellular trafficking,Mitochondrial energy production,Neurogenesis,Synapse signaling",No_kegg,control_cluster3,non core,non DEG
LINC01473,lncRNA,ENSG00000237877,No enriched GO,No_kegg,control_cluster3,non core,non DEG
MVP-DT,lncRNA,ENSG00000238045,"Cytoskeleton organization,intracellular trafficking,Synapse signaling",No_kegg,control_cluster3,non core,non DEG
,lncRNA,ENSG00000238158,No enriched GO,No_kegg,control_cluster3,non core,non DEG
MRPS17,protein_coding,ENSG00000239789,No enriched GO,No_kegg,control_cluster3,non core,non DEG
PRKAG2-AS1,lncRNA,ENSG00000239911,No enriched GO,No_kegg,control_cluster3,non core,non DEG
,protein_coding,ENSG00000239920,No enriched GO,No_kegg,control_cluster3,non core,non DEG
ARHGEF25,protein_coding,ENSG00000240771,Neurogenesis,No_kegg,control_cluster3,non core,non DEG
NSUN6,protein_coding,ENSG00000241058,No enriched GO,No_kegg,control_cluster3,non core,non DEG
PDXP,protein_coding,ENSG00000241360,"Cytoskeleton organization,intracellular trafficking,Others",No_kegg,control_cluster3,non core,non DEG
,protein_coding,ENSG00000241489,No enriched GO,No_kegg,control_cluster3,non core,non DEG
ARPC1A,protein_coding,ENSG00000241685,No enriched GO,No_kegg,control_cluster3,non core,non DEG
PI4KA,protein_coding,ENSG00000241973,No enriched GO,No_kegg,control_cluster3,non core,non DEG
PEG10,protein_coding,ENSG00000242265,No enriched GO,No_kegg,control_cluster3,non core,non DEG
DDOST,protein_coding,ENSG00000244038,No enriched GO,No_kegg,control_cluster3,non core,non DEG
,lncRNA,ENSG00000245025,No enriched GO,No_kegg,control_cluster3,non core,non DEG
USP2-AS1,lncRNA,ENSG00000245248,"cellular homeostasis,Cytoskeleton organization,intracellular trafficking,Others,Synapse signaling",No_kegg,control_cluster3,non core,non DEG
PGAM5,protein_coding,ENSG00000247077,intracellular trafficking,No_kegg,control_cluster3,non core,non DEG
FBXO38-DT,lncRNA,ENSG00000247199,No enriched GO,No_kegg,control_cluster3,non core,non DEG
TWF2,protein_coding,ENSG00000247596,"Cytoskeleton organization,intracellular trafficking,Neurogenesis",No_kegg,control_cluster3,non core,non DEG
SNCA-AS1,lncRNA,ENSG00000247775,gene expression,No_kegg,control_cluster3,non core,non DEG
CHD1-DT,lncRNA,ENSG00000248489,No enriched GO,No_kegg,control_cluster3,non core,non DEG
ZNF324B,protein_coding,ENSG00000249471,No enriched GO,No_kegg,control_cluster3,non core,non DEG
EAF1-AS1,lncRNA,ENSG00000249786,No enriched GO,No_kegg,control_cluster3,non core,non DEG
,lncRNA,ENSG00000250135,intracellular trafficking,No_kegg,control_cluster3,non core,non DEG
TRNP1,protein_coding,ENSG00000253368,No enriched GO,No_kegg,control_cluster3,non core,non DEG
,lncRNA,ENSG00000253645,No enriched GO,No_kegg,control_cluster3,non core,non DEG
VPS13B-DT,lncRNA,ENSG00000253948,No enriched GO,No_kegg,control_cluster3,non core,non DEG
,lncRNA,ENSG00000254192,No enriched GO,No_kegg,control_cluster3,non core,non DEG
FXYD6-AS1,lncRNA,ENSG00000254528,"gene expression,Mitochondrial energy production,Neurogenesis,No enriched GO,Others,Synapse signaling",No_kegg,control_cluster3,non core,non DEG
,protein_coding,ENSG00000254706,No enriched GO,No_kegg,control_cluster3,non core,non DEG
ATP6V1G2-DDX39B,protein_coding,ENSG00000254870,No enriched GO,No_kegg,control_cluster3,non core,non DEG
CHMP1B,protein_coding,ENSG00000255112,"Cytoskeleton organization,intracellular trafficking,Others",No_kegg,control_cluster3,non core,non DEG
HYOU1-AS1,lncRNA,ENSG00000255114,No enriched GO,No_kegg,control_cluster3,non core,non DEG
HTD2,protein_coding,ENSG00000255154,Mitochondrial energy production,No_kegg,control_cluster3,non core,non DEG
FXYD6-FXYD2,protein_coding,ENSG00000255245,No enriched GO,No_kegg,control_cluster3,non core,non DEG
EID1,protein_coding,ENSG00000255302,No enriched GO,No_kegg,control_cluster3,non core,non DEG
NPIPB8,protein_coding,ENSG00000255524,No enriched GO,No_kegg,control_cluster3,non core,non DEG
,lncRNA,ENSG00000256034,No enriched GO,No_kegg,control_cluster3,non core,non DEG
,protein_coding,ENSG00000256500,No enriched GO,No_kegg,control_cluster3,non core,non DEG
IQSEC3-AS1,lncRNA,ENSG00000256540,No enriched GO,No_kegg,control_cluster3,non core,non DEG
,protein_coding,ENSG00000256861,No enriched GO,No_kegg,control_cluster3,non core,non DEG
,lncRNA,ENSG00000256967,No enriched GO,No_kegg,control_cluster3,non core,non DEG
,lncRNA,ENSG00000257002,No enriched GO,No_kegg,control_cluster3,non core,non DEG
,lncRNA,ENSG00000257286,"Cytoskeleton organization,Others",No_kegg,control_cluster3,non core,non DEG
LINC02395,lncRNA,ENSG00000257771,No enriched GO,No_kegg,control_cluster3,non core,non DEG
TUBA1B-AS1,lncRNA,ENSG00000258017,No enriched GO,No_kegg,control_cluster3,non core,non DEG
,lncRNA,ENSG00000258232,No enriched GO,No_kegg,control_cluster3,non core,non DEG
VASH1-DT,lncRNA,ENSG00000258569,No enriched GO,No_kegg,control_cluster3,non core,non DEG
,lncRNA,ENSG00000258666,No enriched GO,No_kegg,control_cluster3,non core,non DEG
,lncRNA,ENSG00000258851,No enriched GO,No_kegg,control_cluster3,non core,non DEG
TUBB3,protein_coding,ENSG00000258947,Neurogenesis,kegg,control_cluster3,non core,non DEG
NDUFC2-KCTD14,protein_coding,ENSG00000259112,Mitochondrial energy production,kegg,control_cluster3,non core,non DEG
MAP3K9-DT,lncRNA,ENSG00000259153,gene expression,No_kegg,control_cluster3,non core,Down-regulated
,protein_coding,ENSG00000259316,No enriched GO,No_kegg,control_cluster3,non core,non DEG
ST20-MTHFS,protein_coding,ENSG00000259332,No enriched GO,No_kegg,control_cluster3,non core,non DEG
,lncRNA,ENSG00000259370,No enriched GO,No_kegg,control_cluster3,non core,non DEG
ST20-AS1,lncRNA,ENSG00000259642,No enriched GO,No_kegg,control_cluster3,non core,non DEG
,protein_coding,ENSG00000259784,No enriched GO,No_kegg,control_cluster3,non core,non DEG
,protein_coding,ENSG00000260272,No enriched GO,No_kegg,control_cluster3,non core,non DEG
,lncRNA,ENSG00000260328,No enriched GO,No_kegg,control_cluster3,non core,Down-regulated
,protein_coding,ENSG00000260914,No enriched GO,No_kegg,control_cluster3,non core,non DEG
,lncRNA,ENSG00000261351,gene expression,No_kegg,control_cluster3,non core,non DEG
,lncRNA,ENSG00000263015,No enriched GO,No_kegg,control_cluster3,non core,non DEG
,protein_coding,ENSG00000263620,No enriched GO,No_kegg,control_cluster3,non core,non DEG
THY1-AS1,lncRNA,ENSG00000263873,No enriched GO,No_kegg,control_cluster3,non core,non DEG
NBPF11,protein_coding,ENSG00000263956,No enriched GO,No_kegg,control_cluster3,non core,non DEG
,lncRNA,ENSG00000264019,"No enriched GO,Others",No_kegg,control_cluster3,non core,non DEG
,lncRNA,ENSG00000265784,No enriched GO,No_kegg,control_cluster3,non core,non DEG
,lncRNA,ENSG00000266101,No enriched GO,No_kegg,control_cluster3,non core,non DEG
,lncRNA,ENSG00000266708,No enriched GO,No_kegg,control_cluster3,non core,non DEG
,lncRNA,ENSG00000266846,No enriched GO,No_kegg,control_cluster3,non core,non DEG
,protein_coding,ENSG00000266953,No enriched GO,No_kegg,control_cluster3,non core,Down-regulated
AARSD1,protein_coding,ENSG00000266967,gene expression,No_kegg,control_cluster3,non core,non DEG
,lncRNA,ENSG00000267030,No enriched GO,No_kegg,control_cluster3,non core,non DEG
,lncRNA,ENSG00000267062,"cellular homeostasis,Cytoskeleton organization,gene expression,intracellular trafficking,Mitochondrial energy production,Neurogenesis,No enriched GO,Others,Synapse signaling",No_kegg,control_cluster3,non core,non DEG
CHMP1B-AS1,lncRNA,ENSG00000267165,"cellular homeostasis,Cytoskeleton organization,gene expression,intracellular trafficking,Mitochondrial energy production,Neurogenesis,No enriched GO,Others,Synapse signaling",No_kegg,control_cluster3,non core,non DEG
DNAAF3-AS1,lncRNA,ENSG00000267577,No enriched GO,No_kegg,control_cluster3,non core,Down-regulated
,lncRNA,ENSG00000267707,No enriched GO,No_kegg,control_cluster3,non core,non DEG
,protein_coding,ENSG00000267748,No enriched GO,No_kegg,control_cluster3,non core,Down-regulated
RUNDC3A-AS1,lncRNA,ENSG00000267750,gene expression,No_kegg,control_cluster3,non core,non DEG
,lncRNA,ENSG00000267765,No enriched GO,No_kegg,control_cluster3,non core,non DEG
NAPA-AS1,lncRNA,ENSG00000268061,"cellular homeostasis,Cytoskeleton organization,intracellular trafficking,Mitochondrial energy production,Neurogenesis,No enriched GO,Others,Synapse signaling",No_kegg,control_cluster3,non core,non DEG
,protein_coding,ENSG00000268361,No enriched GO,No_kegg,control_cluster3,non core,non DEG
,lncRNA,ENSG00000268362,No enriched GO,No_kegg,control_cluster3,non core,non DEG
,lncRNA,ENSG00000269292,"cellular homeostasis,Cytoskeleton organization,gene expression,intracellular trafficking,Mitochondrial energy production,Neurogenesis,No enriched GO,Others,Synapse signaling",No_kegg,control_cluster3,non core,Down-regulated
,protein_coding,ENSG00000269307,No enriched GO,No_kegg,control_cluster3,non core,non DEG
,lncRNA,ENSG00000269444,No enriched GO,No_kegg,control_cluster3,non core,non DEG
,lncRNA,ENSG00000269604,No enriched GO,No_kegg,control_cluster3,non core,non DEG
NCBP2AS2,protein_coding,ENSG00000270170,No enriched GO,No_kegg,control_cluster3,non core,Down-regulated
,protein_coding,ENSG00000270299,No enriched GO,No_kegg,control_cluster3,non core,non DEG
,lncRNA,ENSG00000270760,"Mitochondrial energy production,Neurogenesis,No enriched GO,Others",No_kegg,control_cluster3,non core,non DEG
SRXN1,protein_coding,ENSG00000271303,No enriched GO,No_kegg,control_cluster3,non core,non DEG
ANKRD34A,protein_coding,ENSG00000272031,No enriched GO,No_kegg,control_cluster3,non core,non DEG
,lncRNA,ENSG00000272256,No enriched GO,No_kegg,control_cluster3,non core,non DEG
,protein_coding,ENSG00000272442,No enriched GO,No_kegg,control_cluster3,non core,non DEG
,lncRNA,ENSG00000272540,"cellular homeostasis,Cytoskeleton organization,gene expression,intracellular trafficking,Mitochondrial energy production,Neurogenesis,No enriched GO,Synapse signaling",No_kegg,control_cluster3,non core,non DEG
,lncRNA,ENSG00000272742,No enriched GO,No_kegg,control_cluster3,non core,non DEG
,protein_coding,ENSG00000272822,No enriched GO,No_kegg,control_cluster3,non core,non DEG
MAP3K4-AS1,lncRNA,ENSG00000272841,No enriched GO,No_kegg,control_cluster3,non core,non DEG
RAB33B-AS1,lncRNA,ENSG00000273247,No enriched GO,No_kegg,control_cluster3,non core,non DEG
,lncRNA,ENSG00000273262,No enriched GO,No_kegg,control_cluster3,non core,non DEG
,protein_coding,ENSG00000273734,No enriched GO,No_kegg,control_cluster3,non core,non DEG
USP27X,protein_coding,ENSG00000273820,No enriched GO,No_kegg,control_cluster3,non core,non DEG
SOCS7,protein_coding,ENSG00000274211,No enriched GO,No_kegg,control_cluster3,non core,non DEG
,lncRNA,ENSG00000274904,"intracellular trafficking,Mitochondrial energy production",No_kegg,control_cluster3,non core,non DEG
PIP4K2B,protein_coding,ENSG00000276293,intracellular trafficking,No_kegg,control_cluster3,non core,non DEG
GPR179,protein_coding,ENSG00000277399,No enriched GO,No_kegg,control_cluster3,non core,non DEG
PNMA8C,protein_coding,ENSG00000277531,No enriched GO,No_kegg,control_cluster3,non core,Down-regulated
,lncRNA,ENSG00000279232,No enriched GO,No_kegg,control_cluster3,non core,non DEG
,lncRNA,ENSG00000280007,No enriched GO,No_kegg,control_cluster3,non core,non DEG
,lncRNA,ENSG00000280758,"cellular homeostasis,Cytoskeleton organization,intracellular trafficking,Mitochondrial energy production,Neurogenesis,No enriched GO,Others,Synapse signaling",No_kegg,control_cluster3,non core,non DEG
LINC00294,lncRNA,ENSG00000280798,No enriched GO,No_kegg,control_cluster3,non core,non DEG
,protein_coding,ENSG00000280893,No enriched GO,No_kegg,control_cluster3,non core,non DEG
,protein_coding,ENSG00000283189,No enriched GO,No_kegg,control_cluster3,non core,non DEG
,lncRNA,ENSG00000283743,No enriched GO,No_kegg,control_cluster3,non core,non DEG
LYNX1-SLURP2,protein_coding,ENSG00000284505,No enriched GO,No_kegg,control_cluster3,non core,non DEG
,protein_coding,ENSG00000284874,No enriched GO,No_kegg,control_cluster3,non core,non DEG
,protein_coding,ENSG00000285043,No enriched GO,No_kegg,control_cluster3,non core,non DEG
ABCF2-H2BK1,protein_coding,ENSG00000285292,No enriched GO,No_kegg,control_cluster3,non core,non DEG
,protein_coding,ENSG00000285304,No enriched GO,No_kegg,control_cluster3,non core,non DEG
,protein_coding,ENSG00000285505,No enriched GO,No_kegg,control_cluster3,non core,non DEG
,lncRNA,ENSG00000285518,"cellular homeostasis,intracellular trafficking,Synapse signaling",No_kegg,control_cluster3,non core,non DEG
,lncRNA,ENSG00000285692,No enriched GO,No_kegg,control_cluster3,non core,non DEG
,lncRNA,ENSG00000285755,No enriched GO,No_kegg,control_cluster3,non core,non DEG
,protein_coding,ENSG00000285868,No enriched GO,No_kegg,control_cluster3,non core,non DEG
,protein_coding,ENSG00000285901,No enriched GO,No_kegg,control_cluster3,non core,non DEG
,lncRNA,ENSG00000286104,No enriched GO,No_kegg,control_cluster3,non core,non DEG
,lncRNA,ENSG00000286162,No enriched GO,No_kegg,control_cluster3,non core,non DEG
,protein_coding,ENSG00000286190,No enriched GO,No_kegg,control_cluster3,non core,non DEG
,protein_coding,ENSG00000286268,No enriched GO,No_kegg,control_cluster3,non core,non DEG
,protein_coding,ENSG00000286905,No enriched GO,No_kegg,control_cluster3,non core,non DEG
,lncRNA,ENSG00000286999,No enriched GO,No_kegg,control_cluster3,non core,non DEG
,lncRNA,ENSG00000287134,No enriched GO,No_kegg,control_cluster3,non core,non DEG
,lncRNA,ENSG00000287769,No enriched GO,No_kegg,control_cluster3,non core,non DEG
,protein_coding,ENSG00000287908,No enriched GO,No_kegg,control_cluster3,non core,non DEG
,lncRNA,ENSG00000287929,No enriched GO,No_kegg,control_cluster3,non core,non DEG
,protein_coding,ENSG00000288564,No enriched GO,No_kegg,control_cluster3,non core,non DEG
C8orf44-SGK3,protein_coding,ENSG00000288602,No enriched GO,No_kegg,control_cluster3,non core,non DEG
,protein_coding,ENSG00000288683,No enriched GO,No_kegg,control_cluster3,non core,non DEG
,protein_coding,ENSG00000288699,No enriched GO,No_kegg,control_cluster3,non core,non DEG
BAZ1B,protein_coding,ENSG00000009954,No enriched GO,No_kegg,control_cluster4,non core,non DEG
ELOA,protein_coding,ENSG00000011007,No enriched GO,No_kegg,control_cluster4,non core,non DEG
CELF2,protein_coding,ENSG00000048740,No enriched GO,No_kegg,control_cluster4,non core,non DEG
PLEKHA5,protein_coding,ENSG00000052126,No enriched GO,No_kegg,control_cluster4,non core,non DEG
RPL18,protein_coding,ENSG00000063177,gene expression,No_kegg,control_cluster4,non core,non DEG
RFXANK,protein_coding,ENSG00000064490,No enriched GO,No_kegg,control_cluster4,non core,non DEG
FAM3A,protein_coding,ENSG00000071889,No enriched GO,No_kegg,control_cluster4,non core,non DEG
ARHGAP28,protein_coding,ENSG00000088756,No enriched GO,No_kegg,control_cluster4,non core,non DEG
TMED1,protein_coding,ENSG00000099203,No enriched GO,No_kegg,control_cluster4,non core,non DEG
GTPBP1,protein_coding,ENSG00000100226,No enriched GO,No_kegg,control_cluster4,non core,non DEG
NELFCD,protein_coding,ENSG00000101158,No enriched GO,No_kegg,control_cluster4,non core,non DEG
NFKBIB,protein_coding,ENSG00000104825,No enriched GO,No_kegg,control_cluster4,non core,non DEG
CADM4,protein_coding,ENSG00000105767,No enriched GO,No_kegg,control_cluster4,non core,non DEG
MOSPD3,protein_coding,ENSG00000106330,No enriched GO,No_kegg,control_cluster4,non core,non DEG
COA1,protein_coding,ENSG00000106603,No enriched GO,No_kegg,control_cluster4,non core,non DEG
POLD2,protein_coding,ENSG00000106628,No enriched GO,No_kegg,control_cluster4,non core,non DEG
SEPTIN4,protein_coding,ENSG00000108387,No enriched GO,No_kegg,control_cluster4,non core,non DEG
PMP22,protein_coding,ENSG00000109099,No enriched GO,No_kegg,control_cluster4,non core,non DEG
E2F3,protein_coding,ENSG00000112242,No enriched GO,No_kegg,control_cluster4,non core,non DEG
CNTN3,protein_coding,ENSG00000113805,No enriched GO,No_kegg,control_cluster4,non core,non DEG
RPS15,protein_coding,ENSG00000115268,gene expression,No_kegg,control_cluster4,non core,non DEG
CNPPD1,protein_coding,ENSG00000115649,No enriched GO,No_kegg,control_cluster4,non core,non DEG
APH1A,protein_coding,ENSG00000117362,No enriched GO,kegg,control_cluster4,non core,non DEG
MIF4GD,protein_coding,ENSG00000125457,gene expression,No_kegg,control_cluster4,non core,non DEG
CHCHD5,protein_coding,ENSG00000125611,No enriched GO,No_kegg,control_cluster4,non core,non DEG
AIF1L,protein_coding,ENSG00000126878,No enriched GO,No_kegg,control_cluster4,non core,non DEG
DNAAF11,protein_coding,ENSG00000129295,No enriched GO,No_kegg,control_cluster4,non core,non DEG
UCK1,protein_coding,ENSG00000130717,No enriched GO,No_kegg,control_cluster4,non core,non DEG
NR1H2,protein_coding,ENSG00000131408,No enriched GO,No_kegg,control_cluster4,non core,non DEG
GRHL1,protein_coding,ENSG00000134317,No enriched GO,No_kegg,control_cluster4,non core,non DEG
FHOD3,protein_coding,ENSG00000134775,No enriched GO,No_kegg,control_cluster4,non core,non DEG
CDK4,protein_coding,ENSG00000135446,No enriched GO,No_kegg,control_cluster4,non core,non DEG
MPHOSPH6,protein_coding,ENSG00000135698,No enriched GO,No_kegg,control_cluster4,non core,non DEG
GRHPR,protein_coding,ENSG00000137106,No enriched GO,No_kegg,control_cluster4,non core,non DEG
FAM13A,protein_coding,ENSG00000138640,No enriched GO,No_kegg,control_cluster4,non core,non DEG
SERF2,protein_coding,ENSG00000140264,No enriched GO,No_kegg,control_cluster4,non core,non DEG
RPS11,protein_coding,ENSG00000142534,gene expression,No_kegg,control_cluster4,non core,non DEG
RPL13A,protein_coding,ENSG00000142541,gene expression,No_kegg,control_cluster4,non core,non DEG
RPL11,protein_coding,ENSG00000142676,gene expression,No_kegg,control_cluster4,non core,non DEG
ZNF385B,protein_coding,ENSG00000144331,No enriched GO,No_kegg,control_cluster4,non core,non DEG
RPL37,protein_coding,ENSG00000145592,gene expression,No_kegg,control_cluster4,non core,non DEG
ARHGAP26,protein_coding,ENSG00000145819,No enriched GO,No_kegg,control_cluster4,non core,non DEG
NLGN4X,protein_coding,ENSG00000146938,No enriched GO,No_kegg,control_cluster4,non core,non DEG
GOLGA7,protein_coding,ENSG00000147533,No enriched GO,No_kegg,control_cluster4,non core,non DEG
LAMTOR1,protein_coding,ENSG00000149357,No enriched GO,No_kegg,control_cluster4,non core,non DEG
FAU,protein_coding,ENSG00000149806,gene expression,No_kegg,control_cluster4,non core,non DEG
TMEM219,protein_coding,ENSG00000149932,No enriched GO,No_kegg,control_cluster4,non core,non DEG
MIA2,protein_coding,ENSG00000150527,No enriched GO,No_kegg,control_cluster4,non core,non DEG
ME3,protein_coding,ENSG00000151376,No enriched GO,No_kegg,control_cluster4,non core,non DEG
JAZF1,protein_coding,ENSG00000153814,No enriched GO,No_kegg,control_cluster4,non core,non DEG
MMP16,protein_coding,ENSG00000156103,No enriched GO,No_kegg,control_cluster4,non core,non DEG
SORCS3,protein_coding,ENSG00000156395,No enriched GO,No_kegg,control_cluster4,non core,non DEG
SNX22,protein_coding,ENSG00000157734,No enriched GO,No_kegg,control_cluster4,non core,non DEG
RER1,protein_coding,ENSG00000157916,No enriched GO,No_kegg,control_cluster4,non core,non DEG
CSRP1,protein_coding,ENSG00000159176,No enriched GO,No_kegg,control_cluster4,non core,non DEG
S100B,protein_coding,ENSG00000160307,No enriched GO,No_kegg,control_cluster4,non core,non DEG
RPL8,protein_coding,ENSG00000161016,gene expression,No_kegg,control_cluster4,non core,non DEG
EMC10,protein_coding,ENSG00000161671,No enriched GO,No_kegg,control_cluster4,non core,non DEG
JOSD2,protein_coding,ENSG00000161677,No enriched GO,No_kegg,control_cluster4,non core,non DEG
MED11,protein_coding,ENSG00000161920,No enriched GO,No_kegg,control_cluster4,non core,non DEG
RPL29,protein_coding,ENSG00000162244,gene expression,No_kegg,control_cluster4,non core,non DEG
PMVK,protein_coding,ENSG00000163344,No enriched GO,No_kegg,control_cluster4,non core,non DEG
CFAP20DC,protein_coding,ENSG00000163689,No enriched GO,No_kegg,control_cluster4,non core,non DEG
HDX,protein_coding,ENSG00000165259,No enriched GO,No_kegg,control_cluster4,non core,non DEG
TAF10,protein_coding,ENSG00000166337,No enriched GO,No_kegg,control_cluster4,non core,non DEG
RPL27A,protein_coding,ENSG00000166441,gene expression,No_kegg,control_cluster4,non core,non DEG
BEST1,protein_coding,ENSG00000167995,No enriched GO,No_kegg,control_cluster4,non core,non DEG
FTH1,protein_coding,ENSG00000167996,No enriched GO,No_kegg,control_cluster4,non core,non DEG
RPSA,protein_coding,ENSG00000168028,gene expression,No_kegg,control_cluster4,non core,non DEG
TMEM129,protein_coding,ENSG00000168936,No enriched GO,No_kegg,control_cluster4,non core,non DEG
DCXR,protein_coding,ENSG00000169738,No enriched GO,No_kegg,control_cluster4,non core,non DEG
CHRNB1,protein_coding,ENSG00000170175,No enriched GO,No_kegg,control_cluster4,non core,non DEG
DLGAP1,protein_coding,ENSG00000170579,No enriched GO,No_kegg,control_cluster4,non core,non DEG
RPS9,protein_coding,ENSG00000170889,gene expression,No_kegg,control_cluster4,non core,non DEG
RPS21,protein_coding,ENSG00000171858,gene expression,No_kegg,control_cluster4,non core,non DEG
B3GALT1,protein_coding,ENSG00000172318,No enriched GO,No_kegg,control_cluster4,non core,non DEG
RPLP2,protein_coding,ENSG00000177600,gene expression,No_kegg,control_cluster4,non core,non DEG
LRRC75A,protein_coding,ENSG00000181350,No enriched GO,No_kegg,control_cluster4,non core,non DEG
COA4,protein_coding,ENSG00000181924,No enriched GO,No_kegg,control_cluster4,non core,non DEG
IST1,protein_coding,ENSG00000182149,No enriched GO,No_kegg,control_cluster4,non core,non DEG
KCNQ5,protein_coding,ENSG00000185760,No enriched GO,No_kegg,control_cluster4,non core,non DEG
TMEM232,protein_coding,ENSG00000186952,No enriched GO,No_kegg,control_cluster4,non core,non DEG
PTMA,protein_coding,ENSG00000187514,No enriched GO,No_kegg,control_cluster4,non core,non DEG
ZNF567,protein_coding,ENSG00000189042,No enriched GO,No_kegg,control_cluster4,non core,non DEG
S100A13,protein_coding,ENSG00000189171,No enriched GO,No_kegg,control_cluster4,non core,non DEG
GM2A,protein_coding,ENSG00000196743,No enriched GO,No_kegg,control_cluster4,non core,non DEG
IPP,protein_coding,ENSG00000197429,No enriched GO,No_kegg,control_cluster4,non core,non DEG
NUDT16,protein_coding,ENSG00000198585,No enriched GO,No_kegg,control_cluster4,non core,non DEG
C6orf47,protein_coding,ENSG00000204439,No enriched GO,No_kegg,control_cluster4,non core,non DEG
,protein_coding,ENSG00000213204,No enriched GO,No_kegg,control_cluster4,non core,non DEG
ARHGEF28,protein_coding,ENSG00000214944,No enriched GO,No_kegg,control_cluster4,non core,non DEG
C6orf47-AS1,lncRNA,ENSG00000227198,No enriched GO,No_kegg,control_cluster4,non core,non DEG
,lncRNA,ENSG00000229151,No enriched GO,No_kegg,control_cluster4,non core,non DEG
RNASEH1-DT,lncRNA,ENSG00000234171,gene expression,No_kegg,control_cluster4,non core,non DEG
WBP1,protein_coding,ENSG00000239779,No enriched GO,No_kegg,control_cluster4,non core,non DEG
CFAP20DC-AS1,lncRNA,ENSG00000242428,No enriched GO,No_kegg,control_cluster4,non core,non DEG
GPAT4-AS1,lncRNA,ENSG00000253133,No enriched GO,No_kegg,control_cluster4,non core,non DEG
,lncRNA,ENSG00000254733,No enriched GO,No_kegg,control_cluster4,non core,non DEG
,lncRNA,ENSG00000254741,gene expression,No_kegg,control_cluster4,non core,non DEG
,lncRNA,ENSG00000257522,No enriched GO,No_kegg,control_cluster4,non core,non DEG
TEN1,protein_coding,ENSG00000257949,No enriched GO,No_kegg,control_cluster4,non core,non DEG
,lncRNA,ENSG00000260669,gene expression,No_kegg,control_cluster4,non core,non DEG
TMEM256-PLSCR3,protein_coding,ENSG00000262481,No enriched GO,No_kegg,control_cluster4,non core,non DEG
,protein_coding,ENSG00000262560,No enriched GO,No_kegg,control_cluster4,non core,non DEG
SEPTIN4-AS1,lncRNA,ENSG00000264672,No enriched GO,No_kegg,control_cluster4,non core,non DEG
,protein_coding,ENSG00000268193,No enriched GO,No_kegg,control_cluster4,non core,non DEG
,lncRNA,ENSG00000268854,No enriched GO,No_kegg,control_cluster4,non core,non DEG
KXD1-AS1,lncRNA,ENSG00000268983,gene expression,No_kegg,control_cluster4,non core,non DEG
RPS10-NUDT3,protein_coding,ENSG00000270800,No enriched GO,No_kegg,control_cluster4,non core,non DEG
,lncRNA,ENSG00000271853,gene expression,No_kegg,control_cluster4,non core,non DEG
INO80B-WBP1,protein_coding,ENSG00000274049,No enriched GO,No_kegg,control_cluster4,non core,non DEG
,lncRNA,ENSG00000278730,No enriched GO,No_kegg,control_cluster4,non core,non DEG
LRTOMT,protein_coding,ENSG00000284922,No enriched GO,No_kegg,control_cluster4,non core,non DEG
